2500.00   0.0000   0.0000   0.0000   0.0000   0.0000
2510.00   0.0000   0.0000   0.0000   0.0000   0.0000
2520.00   0.0000   0.0000   0.0000   0.0000   0.0000
2530.00   0.0000   0.0000   0.0000   0.0000   0.0000
2540.00   0.0000   0.0000   0.0000   0.0000   0.0000
2550.00   0.0000   0.0000   0.0000   0.0000   0.0000
2560.00   0.0000   0.0000   0.0000   0.0000   0.0000
2570.00   0.0000   0.0000   0.0000   0.0000   0.0000
2580.00   0.0000   0.0000   0.0000   0.0000   0.0000
2590.00   0.0000   0.0000   0.0000   0.0000   0.0000
2600.00   0.0000   0.0000   0.0000   0.0000   0.0000
2610.00   0.0000   0.0000   0.0000   0.0000   0.0000
2620.00   0.0000   0.0000   0.0000   0.0000   0.0000
2630.00   0.0000   0.0000   0.0000   0.0000   0.0000
2640.00   0.0000   0.0000   0.0000   0.0000   0.0000
2650.00   0.0000   0.0000   0.0000   0.0000   0.0000
2660.00   0.0000   0.0000   0.0000   0.0000   0.0000
2670.00   0.0000   0.0000   0.0000   0.0000   0.0000
2680.00   0.0000   0.0000   0.0000   0.0000   0.0000
2690.00   0.0000   0.0000   0.0000   0.0000   0.0000
2700.00   0.0000   0.0000   0.0000   0.0000   0.0000
2710.00   0.0000   0.0000   0.0000   0.0000   0.0000
2720.00   0.0000   0.0000   0.0000   0.0000   0.0000
2730.00   0.0000   0.0000   0.0000   0.0000   0.0000
2740.00   0.0000   0.0000   0.0000   0.0000   0.0000
2750.00   0.0000   0.0000   0.0000   0.0000   0.0000
2760.00   0.0000   0.0000   0.0000   0.0000   0.0000
2770.00   0.0000   0.0000   0.0000   0.0000   0.0000
2780.00   0.0000   0.0000   0.0000   0.0000   0.0000
2790.00   0.0000   0.0000   0.0000   0.0000   0.0000
2800.00   0.0000   0.0000   0.0000   0.0000   0.0000
2810.00   0.0000   0.0000   0.0000   0.0000   0.0000
2820.00   0.0000   0.0000   0.0000   0.0000   0.0000
2830.00   0.0000   0.0000   0.0000   0.0000   0.0000
2840.00   0.0000   0.0000   0.0000   0.0000   0.0000
2850.00   0.0000   0.0000   0.0000   0.0000   0.0000
2860.00   0.0000   0.0000   0.0000   0.0000   0.0000
2870.00   0.0000   0.0000   0.0000   0.0000   0.0000
2880.00   0.0000   0.0000   0.0000   0.0000   0.0000
2890.00   0.0000   0.0000   0.0000   0.0000   0.0000
2900.00   0.0000   0.0000   0.0000   0.0000   0.0000
2910.00   0.0000   0.0000   0.0000   0.0000   0.0000
2920.00   0.0000   0.0000   0.0000   0.0000   0.0000
2930.00   0.0000   0.0000   0.0000   0.0000   0.0000
2940.00   0.0000   0.0000   0.0000   0.0000   0.0000
2950.00   0.0000   0.0000   0.0000   0.0000   0.0000
2960.00   0.0000   0.0000   0.0000   0.0000   0.0000
2970.00   0.0000   0.0000   0.0000   0.0000   0.0000
2980.00   0.0002   0.0000   0.0000   0.0000   0.0000
2990.00   0.0006   0.0000   0.0000   0.0000   0.0000
3000.00   0.0011   0.0000   0.0000   0.0000   0.0000
3010.00   0.0018   0.0000   0.0000   0.0000   0.0000
3020.00   0.0029   0.0000   0.0000   0.0000   0.0000
3030.00   0.0042   0.0000   0.0000   0.0000   0.0000
3040.00   0.0057   0.0000   0.0000   0.0000   0.0000
3050.00   0.0078   0.0000   0.0000   0.0000   0.0000
3060.00   0.0107   0.0000   0.0000   0.0000   0.0000
3070.00   0.0138   0.0000   0.0000   0.0000   0.0000
3080.00   0.0178   0.0000   0.0000   0.0000   0.0000
3090.00   0.0226   0.0000   0.0000   0.0000   0.0000
3100.00   0.0284   0.0000   0.0000   0.0000   0.0000
3110.00   0.0348   0.0000   0.0000   0.0000   0.0000
3120.00   0.0421   0.0000   0.0000   0.0000   0.0000
3130.00   0.0506   0.0000   0.0000   0.0000   0.0000
3140.00   0.0601   0.0000   0.0000   0.0000   0.0000
3150.00   0.0709   0.0000   0.0000   0.0000   0.0000
3160.00   0.0826   0.0000   0.0000   0.0000   0.0000
3170.00   0.0955   0.0000   0.0000   0.0000   0.0000
3180.00   0.1094   0.0000   0.0000   0.0000   0.0000
3190.00   0.1238   0.0000   0.0000   0.0000   0.0000
3200.00   0.1385   0.0000   0.0000   0.0000   0.0000
3210.00   0.1533   0.0000   0.0000   0.0000   0.0000
3220.00   0.1693   0.0000   0.0000   0.0000   0.0000
3230.00   0.1873   0.0000   0.0000   0.0000   0.0000
3240.00   0.2078   0.0000   0.0000   0.0000   0.0000
3250.00   0.2296   0.0000   0.0000   0.0000   0.0000
3260.00   0.2515   0.0000   0.0000   0.0000   0.0000
3270.00   0.2723   0.0000   0.0000   0.0000   0.0000
3280.00   0.2919   0.0000   0.0000   0.0000   0.0000
3290.00   0.3112   0.0000   0.0000   0.0000   0.0000
3300.00   0.3310   0.0000   0.0000   0.0000   0.0000
3310.00   0.3519   0.0000   0.0000   0.0000   0.0000
3320.00   0.3729   0.0000   0.0000   0.0000   0.0000
3330.00   0.3930   0.0000   0.0000   0.0000   0.0000
3340.00   0.4124   0.0000   0.0000   0.0000   0.0000
3350.00   0.4307   0.0000   0.0000   0.0000   0.0000
3360.00   0.4482   0.0000   0.0000   0.0000   0.0000
3370.00   0.4650   0.0000   0.0000   0.0000   0.0000
3380.00   0.4809   0.0000   0.0000   0.0000   0.0000
3390.00   0.4957   0.0000   0.0000   0.0000   0.0000
3400.00   0.5103   0.0000   0.0000   0.0000   0.0000
3410.00   0.5254   0.0000   0.0000   0.0000   0.0000
3420.00   0.5402   0.0000   0.0000   0.0000   0.0000
3430.00   0.5542   0.0000   0.0000   0.0000   0.0000
3440.00   0.5671   0.0000   0.0000   0.0000   0.0000
3450.00   0.5778   0.0000   0.0000   0.0000   0.0000
3460.00   0.5861   0.0000   0.0000   0.0000   0.0000
3470.00   0.5939   0.0000   0.0000   0.0000   0.0000
3480.00   0.6023   0.0000   0.0000   0.0000   0.0000
3490.00   0.6133   0.0000   0.0000   0.0000   0.0000
3500.00   0.6279   0.0000   0.0000   0.0000   0.0000
3510.00   0.6442   0.0000   0.0000   0.0000   0.0000
3520.00   0.6607   0.0000   0.0000   0.0000   0.0000
3530.00   0.6751   0.0000   0.0000   0.0000   0.0000
3540.00   0.6865   0.0000   0.0000   0.0000   0.0000
3550.00   0.6942   0.0000   0.0000   0.0000   0.0000
3560.00   0.6995   0.0000   0.0000   0.0000   0.0000
3570.00   0.7045   0.0000   0.0000   0.0000   0.0000
3580.00   0.7116   0.0001   0.0000   0.0000   0.0000
3590.00   0.7185   0.0003   0.0000   0.0000   0.0000
3600.00   0.7209   0.0008   0.0000   0.0000   0.0000
3610.00   0.7211   0.0016   0.0000   0.0000   0.0000
3620.00   0.7197   0.0031   0.0000   0.0000   0.0000
3630.00   0.7149   0.0055   0.0000   0.0000   0.0000
3640.00   0.7078   0.0094   0.0000   0.0000   0.0000
3650.00   0.6998   0.0147   0.0000   0.0000   0.0000
3660.00   0.6915   0.0218   0.0000   0.0000   0.0000
3670.00   0.6846   0.0304   0.0000   0.0000   0.0000
3680.00   0.6801   0.0401   0.0000   0.0000   0.0000
3690.00   0.6763   0.0511   0.0000   0.0000   0.0000
3700.00   0.6713   0.0638   0.0000   0.0000   0.0000
3710.00   0.6643   0.0790   0.0000   0.0000   0.0000
3720.00   0.6552   0.0980   0.0000   0.0000   0.0000
3730.00   0.6441   0.1209   0.0000   0.0000   0.0000
3740.00   0.6326   0.1465   0.0000   0.0000   0.0000
3750.00   0.6214   0.1733   0.0000   0.0000   0.0000
3760.00   0.6110   0.2002   0.0000   0.0000   0.0000
3770.00   0.6008   0.2259   0.0000   0.0000   0.0000
3780.00   0.5904   0.2504   0.0000   0.0000   0.0000
3790.00   0.5791   0.2738   0.0000   0.0000   0.0000
3800.00   0.5657   0.2953   0.0000   0.0000   0.0000
3810.00   0.5489   0.3150   0.0000   0.0000   0.0000
3820.00   0.5285   0.3343   0.0000   0.0000   0.0000
3830.00   0.5047   0.3540   0.0000   0.0000   0.0000
3840.00   0.4780   0.3753   0.0000   0.0000   0.0000
3850.00   0.4492   0.3986   0.0000   0.0000   0.0000
3860.00   0.4188   0.4223   0.0000   0.0000   0.0000
3870.00   0.3880   0.4452   0.0000   0.0000   0.0000
3880.00   0.3572   0.4673   0.0000   0.0000   0.0000
3890.00   0.3268   0.4876   0.0000   0.0000   0.0000
3900.00   0.2966   0.5060   0.0000   0.0000   0.0000
3910.00   0.2670   0.5235   0.0000   0.0000   0.0000
3920.00   0.2381   0.5399   0.0000   0.0000   0.0000
3930.00   0.2102   0.5550   0.0000   0.0000   0.0000
3940.00   0.1840   0.5691   0.0000   0.0000   0.0000
3950.00   0.1598   0.5820   0.0000   0.0000   0.0000
3960.00   0.1377   0.5937   0.0000   0.0000   0.0000
3970.00   0.1175   0.6054   0.0000   0.0000   0.0000
3980.00   0.0993   0.6167   0.0000   0.0000   0.0000
3990.00   0.0832   0.6270   0.0000   0.0000   0.0000
4000.00   0.0693   0.6365   0.0000   0.0000   0.0000
4010.00   0.0574   0.6447   0.0000   0.0000   0.0000
4020.00   0.0474   0.6508   0.0000   0.0000   0.0000
4030.00   0.0387   0.6556   0.0000   0.0000   0.0000
4040.00   0.0313   0.6600   0.0000   0.0000   0.0000
4050.00   0.0252   0.6642   0.0000   0.0000   0.0000
4060.00   0.0203   0.6696   0.0000   0.0000   0.0000
4070.00   0.0163   0.6766   0.0000   0.0000   0.0000
4080.00   0.0131   0.6846   0.0000   0.0000   0.0000
4090.00   0.0104   0.6932   0.0000   0.0000   0.0000
4100.00   0.0083   0.7020   0.0000   0.0000   0.0000
4110.00   0.0066   0.7100   0.0000   0.0000   0.0000
4120.00   0.0053   0.7172   0.0000   0.0000   0.0000
4130.00   0.0043   0.7243   0.0000   0.0000   0.0000
4140.00   0.0034   0.7310   0.0000   0.0000   0.0000
4150.00   0.0028   0.7377   0.0000   0.0000   0.0000
4160.00   0.0022   0.7442   0.0000   0.0000   0.0000
4170.00   0.0018   0.7497   0.0000   0.0000   0.0000
4180.00   0.0015   0.7536   0.0000   0.0000   0.0000
4190.00   0.0012   0.7554   0.0000   0.0000   0.0000
4200.00   0.0010   0.7544   0.0000   0.0000   0.0000
4210.00   0.0008   0.7513   0.0000   0.0000   0.0000
4220.00   0.0007   0.7476   0.0000   0.0000   0.0000
4230.00   0.0005   0.7442   0.0000   0.0000   0.0000
4240.00   0.0005   0.7423   0.0000   0.0000   0.0000
4250.00   0.0004   0.7431   0.0000   0.0000   0.0000
4260.00   0.0003   0.7460   0.0000   0.0000   0.0000
4270.00   0.0003   0.7510   0.0000   0.0000   0.0000
4280.00   0.0002   0.7574   0.0000   0.0000   0.0000
4290.00   0.0002   0.7635   0.0000   0.0000   0.0000
4300.00   0.0002   0.7693   0.0000   0.0000   0.0000
4310.00   0.0001   0.7742   0.0000   0.0000   0.0000
4320.00   0.0002   0.7780   0.0000   0.0000   0.0000
4330.00   0.0001   0.7816   0.0000   0.0000   0.0000
4340.00   0.0001   0.7849   0.0000   0.0000   0.0000
4350.00   0.0001   0.7886   0.0000   0.0000   0.0000
4360.00   0.0001   0.7935   0.0000   0.0000   0.0000
4370.00   0.0001   0.7985   0.0000   0.0000   0.0000
4380.00   0.0001   0.8025   0.0000   0.0000   0.0000
4390.00   0.0001   0.8058   0.0000   0.0000   0.0000
4400.00   0.0001   0.8077   0.0000   0.0000   0.0000
4410.00   0.0001   0.8076   0.0000   0.0000   0.0000
4420.00   0.0001   0.8065   0.0000   0.0000   0.0000
4430.00   0.0001   0.8048   0.0000   0.0000   0.0000
4440.00   0.0002   0.8025   0.0000   0.0000   0.0000
4450.00   0.0002   0.8010   0.0000   0.0000   0.0000
4460.00   0.0002   0.8006   0.0000   0.0000   0.0000
4470.00   0.0002   0.8012   0.0000   0.0000   0.0000
4480.00   0.0002   0.8025   0.0000   0.0000   0.0000
4490.00   0.0002   0.8046   0.0000   0.0000   0.0000
4500.00   0.0003   0.8074   0.0000   0.0000   0.0000
4510.00   0.0003   0.8105   0.0000   0.0000   0.0000
4520.00   0.0003   0.8142   0.0000   0.0000   0.0000
4530.00   0.0003   0.8179   0.0000   0.0000   0.0000
4540.00   0.0004   0.8214   0.0000   0.0000   0.0000
4550.00   0.0004   0.8250   0.0000   0.0000   0.0000
4560.00   0.0004   0.8278   0.0000   0.0000   0.0000
4570.00   0.0004   0.8290   0.0000   0.0000   0.0000
4580.00   0.0005   0.8289   0.0000   0.0000   0.0000
4590.00   0.0005   0.8269   0.0000   0.0000   0.0000
4600.00   0.0005   0.8226   0.0000   0.0000   0.0000
4610.00   0.0005   0.8170   0.0000   0.0000   0.0000
4620.00   0.0005   0.8109   0.0000   0.0000   0.0000
4630.00   0.0005   0.8048   0.0000   0.0000   0.0000
4640.00   0.0005   0.8000   0.0000   0.0000   0.0000
4650.00   0.0006   0.7968   0.0000   0.0000   0.0000
4660.00   0.0006   0.7954   0.0000   0.0000   0.0000
4670.00   0.0006   0.7961   0.0000   0.0000   0.0000
4680.00   0.0006   0.7983   0.0000   0.0000   0.0000
4690.00   0.0007   0.8012   0.0000   0.0000   0.0000
4700.00   0.0007   0.8043   0.0000   0.0000   0.0000
4710.00   0.0006   0.8073   0.0000   0.0000   0.0000
4720.00   0.0006   0.8100   0.0000   0.0000   0.0000
4730.00   0.0006   0.8126   0.0000   0.0000   0.0000
4740.00   0.0006   0.8156   0.0000   0.0000   0.0000
4750.00   0.0006   0.8191   0.0001   0.0000   0.0000
4760.00   0.0006   0.8236   0.0004   0.0000   0.0000
4770.00   0.0006   0.8289   0.0008   0.0000   0.0000
4780.00   0.0006   0.8341   0.0018   0.0000   0.0000
4790.00   0.0005   0.8384   0.0038   0.0000   0.0000
4800.00   0.0006   0.8415   0.0072   0.0000   0.0000
4810.00   0.0006   0.8426   0.0125   0.0000   0.0000
4820.00   0.0005   0.8414   0.0206   0.0000   0.0000
4830.00   0.0005   0.8387   0.0323   0.0000   0.0000
4840.00   0.0005   0.8350   0.0478   0.0000   0.0000
4850.00   0.0005   0.8307   0.0677   0.0000   0.0000
4860.00   0.0005   0.8253   0.0920   0.0000   0.0000
4870.00   0.0005   0.8175   0.1198   0.0000   0.0000
4880.00   0.0004   0.8039   0.1510   0.0000   0.0000
4890.00   0.0004   0.7802   0.1850   0.0000   0.0000
4900.00   0.0004   0.7417   0.2198   0.0000   0.0000
4910.00   0.0004   0.6866   0.2548   0.0000   0.0000
4920.00   0.0004   0.6170   0.2892   0.0000   0.0000
4930.00   0.0003   0.5366   0.3221   0.0000   0.0000
4940.00   0.0003   0.4529   0.3540   0.0000   0.0000
4950.00   0.0003   0.3731   0.3860   0.0000   0.0000
4960.00   0.0002   0.3005   0.4181   0.0000   0.0000
4970.00   0.0002   0.2374   0.4509   0.0000   0.0000
4980.00   0.0002   0.1853   0.4849   0.0000   0.0000
4990.00   0.0002   0.1429   0.5189   0.0000   0.0000
5000.00   0.0002   0.1089   0.5520   0.0000   0.0000
5010.00   0.0001   0.0826   0.5833   0.0000   0.0000
5020.00   0.0001   0.0625   0.6109   0.0000   0.0000
5030.00   0.0001   0.0471   0.6340   0.0000   0.0000
5040.00   0.0001   0.0357   0.6530   0.0000   0.0000
5050.00   0.0001   0.0273   0.6679   0.0000   0.0000
5060.00   0.0001   0.0211   0.6803   0.0000   0.0000
5070.00   0.0001   0.0166   0.6923   0.0000   0.0000
5080.00   0.0000   0.0132   0.7044   0.0000   0.0000
5090.00   0.0000   0.0107   0.7178   0.0000   0.0000
5100.00   0.0000   0.0088   0.7333   0.0000   0.0000
5110.00   0.0000   0.0074   0.7500   0.0000   0.0000
5120.00   0.0000   0.0063   0.7676   0.0000   0.0000
5130.00   0.0000   0.0054   0.7853   0.0000   0.0000
5140.00   0.0000   0.0047   0.8014   0.0000   0.0000
5150.00   0.0000   0.0041   0.8155   0.0000   0.0000
5160.00   0.0000   0.0037   0.8274   0.0000   0.0000
5170.00   0.0000   0.0033   0.8368   0.0000   0.0000
5180.00   0.0000   0.0030   0.8441   0.0000   0.0000
5190.00   0.0000   0.0027   0.8497   0.0000   0.0000
5200.00   0.0000   0.0024   0.8538   0.0000   0.0000
5210.00   0.0000   0.0022   0.8574   0.0000   0.0000
5220.00   0.0000   0.0019   0.8603   0.0000   0.0000
5230.00   0.0000   0.0016   0.8625   0.0000   0.0000
5240.00   0.0000   0.0014   0.8644   0.0000   0.0000
5250.00   0.0000   0.0012   0.8659   0.0000   0.0000
5260.00   0.0000   0.0010   0.8672   0.0000   0.0000
5270.00   0.0000   0.0009   0.8690   0.0000   0.0000
5280.00   0.0000   0.0007   0.8712   0.0000   0.0000
5290.00   0.0000   0.0006   0.8739   0.0000   0.0000
5300.00   0.0000   0.0005   0.8785   0.0000   0.0000
5310.00   0.0000   0.0005   0.8841   0.0000   0.0000
5320.00   0.0000   0.0004   0.8904   0.0000   0.0000
5330.00   0.0000   0.0004   0.8974   0.0000   0.0000
5340.00   0.0000   0.0003   0.9040   0.0000   0.0000
5350.00   0.0000   0.0003   0.9105   0.0000   0.0000
5360.00   0.0000   0.0003   0.9160   0.0000   0.0000
5370.00   0.0000   0.0002   0.9200   0.0000   0.0000
5380.00   0.0000   0.0002   0.9231   0.0000   0.0000
5390.00   0.0000   0.0002   0.9249   0.0000   0.0000
5400.00   0.0000   0.0002   0.9258   0.0000   0.0000
5410.00   0.0000   0.0002   0.9267   0.0000   0.0000
5420.00   0.0000   0.0002   0.9275   0.0000   0.0000
5430.00   0.0000   0.0002   0.9288   0.0000   0.0000
5440.00   0.0000   0.0002   0.9308   0.0000   0.0000
5450.00   0.0000   0.0002   0.9333   0.0000   0.0000
5460.00   0.0000   0.0002   0.9356   0.0000   0.0000
5470.00   0.0000   0.0002   0.9380   0.0000   0.0000
5480.00   0.0000   0.0002   0.9406   0.0000   0.0000
5490.00   0.0000   0.0001   0.9424   0.0000   0.0000
5500.00   0.0000   0.0001   0.9438   0.0000   0.0000
5510.00   0.0000   0.0001   0.9453   0.0000   0.0000
5520.00   0.0000   0.0001   0.9458   0.0000   0.0000
5530.00   0.0000   0.0001   0.9461   0.0000   0.0000
5540.00   0.0000   0.0001   0.9471   0.0000   0.0000
5550.00   0.0000   0.0001   0.9474   0.0000   0.0000
5560.00   0.0000   0.0000   0.9478   0.0000   0.0000
5570.00   0.0000   0.0000   0.9488   0.0000   0.0000
5580.00   0.0000   0.0000   0.9489   0.0000   0.0000
5590.00   0.0000   0.0000   0.9487   0.0000   0.0000
5600.00   0.0000   0.0000   0.9479   0.0000   0.0000
5610.00   0.0000   0.0000   0.9456   0.0000   0.0000
5620.00   0.0000   0.0000   0.9429   0.0000   0.0000
5630.00   0.0000   0.0000   0.9396   0.0000   0.0000
5640.00   0.0000   0.0000   0.9357   0.0000   0.0000
5650.00   0.0000   0.0000   0.9318   0.0000   0.0000
5660.00   0.0000   0.0000   0.9282   0.0000   0.0000
5670.00   0.0000   0.0000   0.9258   0.0000   0.0000
5680.00   0.0000   0.0000   0.9246   0.0000   0.0000
5690.00   0.0000   0.0000   0.9246   0.0000   0.0000
5700.00   0.0000   0.0000   0.9260   0.0000   0.0000
5710.00   0.0000   0.0000   0.9281   0.0000   0.0000
5720.00   0.0000   0.0000   0.9307   0.0000   0.0000
5730.00   0.0000   0.0000   0.9331   0.0000   0.0000
5740.00   0.0000   0.0000   0.9350   0.0000   0.0000
5750.00   0.0000   0.0000   0.9361   0.0000   0.0000
5760.00   0.0000   0.0000   0.9357   0.0000   0.0000
5770.00   0.0000   0.0000   0.9344   0.0000   0.0000
5780.00   0.0000   0.0000   0.9321   0.0000   0.0000
5790.00   0.0000   0.0000   0.9283   0.0001   0.0000
5800.00   0.0000   0.0000   0.9241   0.0002   0.0000
5810.00   0.0000   0.0000   0.9206   0.0007   0.0000
5820.00   0.0000   0.0000   0.9167   0.0016   0.0000
5830.00   0.0000   0.0000   0.9129   0.0034   0.0000
5840.00   0.0000   0.0000   0.9100   0.0070   0.0000
5850.00   0.0000   0.0000   0.9069   0.0133   0.0000
5860.00   0.0000   0.0000   0.9031   0.0235   0.0000
5870.00   0.0000   0.0000   0.8992   0.0385   0.0000
5880.00   0.0000   0.0000   0.8940   0.0592   0.0000
5890.00   0.0000   0.0000   0.8861   0.0869   0.0000
5900.00   0.0000   0.0000   0.8746   0.1219   0.0000
5910.00   0.0000   0.0000   0.8579   0.1638   0.0000
5920.00   0.0000   0.0000   0.8350   0.2113   0.0000
5930.00   0.0000   0.0000   0.8045   0.2632   0.0000
5940.00   0.0000   0.0000   0.7651   0.3168   0.0000
5950.00   0.0000   0.0000   0.7166   0.3707   0.0000
5960.00   0.0000   0.0000   0.6584   0.4248   0.0000
5970.00   0.0000   0.0000   0.5924   0.4773   0.0000
5980.00   0.0000   0.0000   0.5221   0.5266   0.0000
5990.00   0.0000   0.0000   0.4504   0.5716   0.0000
6000.00   0.0000   0.0000   0.3804   0.6123   0.0000
6010.00   0.0000   0.0000   0.3160   0.6495   0.0000
6020.00   0.0000   0.0000   0.2589   0.6837   0.0000
6030.00   0.0000   0.0000   0.2093   0.7145   0.0000
6040.00   0.0000   0.0000   0.1679   0.7418   0.0000
6050.00   0.0000   0.0000   0.1342   0.7651   0.0000
6060.00   0.0000   0.0000   0.1069   0.7847   0.0000
6070.00   0.0000   0.0000   0.0853   0.8007   0.0000
6080.00   0.0000   0.0000   0.0683   0.8133   0.0000
6090.00   0.0000   0.0000   0.0547   0.8226   0.0000
6100.00   0.0000   0.0000   0.0441   0.8290   0.0000
6110.00   0.0000   0.0000   0.0358   0.8337   0.0000
6120.00   0.0000   0.0000   0.0292   0.8382   0.0000
6130.00   0.0000   0.0000   0.0240   0.8427   0.0000
6140.00   0.0000   0.0000   0.0198   0.8474   0.0000
6150.00   0.0000   0.0000   0.0165   0.8533   0.0000
6160.00   0.0000   0.0000   0.0138   0.8603   0.0000
6170.00   0.0000   0.0000   0.0115   0.8687   0.0000
6180.00   0.0000   0.0000   0.0097   0.8775   0.0000
6190.00   0.0000   0.0000   0.0083   0.8863   0.0000
6200.00   0.0000   0.0000   0.0070   0.8943   0.0000
6210.00   0.0000   0.0000   0.0060   0.9012   0.0000
6220.00   0.0000   0.0000   0.0051   0.9070   0.0000
6230.00   0.0000   0.0000   0.0043   0.9109   0.0000
6240.00   0.0000   0.0000   0.0037   0.9126   0.0000
6250.00   0.0000   0.0000   0.0032   0.9129   0.0000
6260.00   0.0000   0.0000   0.0027   0.9135   0.0000
6270.00   0.0000   0.0000   0.0023   0.9146   0.0000
6280.00   0.0000   0.0000   0.0020   0.9159   0.0000
6290.00   0.0000   0.0000   0.0018   0.9175   0.0000
6300.00   0.0000   0.0000   0.0015   0.9192   0.0000
6310.00   0.0000   0.0000   0.0013   0.9220   0.0000
6320.00   0.0000   0.0000   0.0012   0.9260   0.0000
6330.00   0.0000   0.0000   0.0011   0.9307   0.0000
6340.00   0.0000   0.0000   0.0010   0.9353   0.0000
6350.00   0.0000   0.0000   0.0009   0.9394   0.0000
6360.00   0.0000   0.0000   0.0008   0.9429   0.0000
6370.00   0.0000   0.0000   0.0007   0.9454   0.0000
6380.00   0.0000   0.0000   0.0006   0.9465   0.0000
6390.00   0.0000   0.0000   0.0005   0.9462   0.0000
6400.00   0.0000   0.0000   0.0005   0.9447   0.0000
6410.00   0.0000   0.0000   0.0005   0.9422   0.0000
6420.00   0.0000   0.0000   0.0004   0.9389   0.0000
6430.00   0.0000   0.0000   0.0004   0.9362   0.0000
6440.00   0.0000   0.0000   0.0004   0.9341   0.0000
6450.00   0.0000   0.0000   0.0003   0.9326   0.0000
6460.00   0.0000   0.0000   0.0003   0.9316   0.0000
6470.00   0.0000   0.0000   0.0003   0.9314   0.0000
6480.00   0.0000   0.0000   0.0003   0.9326   0.0000
6490.00   0.0000   0.0000   0.0003   0.9348   0.0000
6500.00   0.0000   0.0000   0.0003   0.9375   0.0000
6510.00   0.0000   0.0000   0.0002   0.9408   0.0000
6520.00   0.0000   0.0000   0.0002   0.9437   0.0000
6530.00   0.0000   0.0000   0.0002   0.9459   0.0000
6540.00   0.0000   0.0000   0.0002   0.9478   0.0000
6550.00   0.0000   0.0000   0.0002   0.9498   0.0000
6560.00   0.0000   0.0000   0.0002   0.9516   0.0000
6570.00   0.0000   0.0000   0.0001   0.9526   0.0000
6580.00   0.0000   0.0000   0.0001   0.9530   0.0000
6590.00   0.0000   0.0000   0.0001   0.9530   0.0000
6600.00   0.0000   0.0000   0.0001   0.9531   0.0000
6610.00   0.0000   0.0000   0.0001   0.9531   0.0000
6620.00   0.0000   0.0000   0.0001   0.9536   0.0000
6630.00   0.0000   0.0000   0.0001   0.9542   0.0000
6640.00   0.0000   0.0000   0.0001   0.9542   0.0000
6650.00   0.0000   0.0000   0.0001   0.9542   0.0000
6660.00   0.0000   0.0000   0.0001   0.9543   0.0000
6670.00   0.0000   0.0000   0.0001   0.9545   0.0000
6680.00   0.0000   0.0000   0.0000   0.9549   0.0000
6690.00   0.0000   0.0000   0.0000   0.9552   0.0000
6700.00   0.0000   0.0000   0.0000   0.9548   0.0000
6710.00   0.0000   0.0000   0.0000   0.9538   0.0000
6720.00   0.0000   0.0000   0.0000   0.9532   0.0000
6730.00   0.0000   0.0000   0.0000   0.9526   0.0000
6740.00   0.0000   0.0000   0.0000   0.9522   0.0000
6750.00   0.0000   0.0000   0.0000   0.9515   0.0000
6760.00   0.0000   0.0000   0.0000   0.9503   0.0000
6770.00   0.0000   0.0000   0.0000   0.9491   0.0000
6780.00   0.0000   0.0000   0.0000   0.9482   0.0000
6790.00   0.0000   0.0000   0.0000   0.9474   0.0000
6800.00   0.0000   0.0000   0.0000   0.9466   0.0000
6810.00   0.0000   0.0000   0.0000   0.9456   0.0000
6820.00   0.0000   0.0000   0.0001   0.9440   0.0000
6830.00   0.0000   0.0000   0.0001   0.9419   0.0000
6840.00   0.0000   0.0000   0.0000   0.9399   0.0000
6850.00   0.0000   0.0000   0.0000   0.9383   0.0000
6860.00   0.0000   0.0000   0.0000   0.9370   0.0000
6870.00   0.0000   0.0000   0.0000   0.9356   0.0000
6880.00   0.0000   0.0000   0.0000   0.9338   0.0000
6890.00   0.0000   0.0000   0.0000   0.9323   0.0000
6900.00   0.0000   0.0000   0.0000   0.9313   0.0000
6910.00   0.0000   0.0000   0.0000   0.9309   0.0000
6920.00   0.0000   0.0000   0.0000   0.9312   0.0000
6930.00   0.0000   0.0000   0.0000   0.9318   0.0000
6940.00   0.0000   0.0000   0.0000   0.9328   0.0000
6950.00   0.0000   0.0000   0.0000   0.9332   0.0000
6960.00   0.0000   0.0000   0.0000   0.9335   0.0000
6970.00   0.0000   0.0000   0.0000   0.9340   0.0000
6980.00   0.0000   0.0000   0.0000   0.9341   0.0000
6990.00   0.0000   0.0000   0.0000   0.9334   0.0000
7000.00   0.0000   0.0000   0.0000   0.9312   0.0000
7010.00   0.0000   0.0000   0.0000   0.9273   0.0001
7020.00   0.0000   0.0000   0.0000   0.9209   0.0002
7030.00   0.0000   0.0000   0.0000   0.9114   0.0003
7040.00   0.0000   0.0000   0.0000   0.8993   0.0006
7050.00   0.0000   0.0000   0.0000   0.8834   0.0011
7060.00   0.0000   0.0000   0.0000   0.8634   0.0018
7070.00   0.0000   0.0000   0.0000   0.8394   0.0029
7080.00   0.0000   0.0000   0.0000   0.8105   0.0046
7090.00   0.0000   0.0000   0.0000   0.7772   0.0068
7100.00   0.0000   0.0000   0.0000   0.7391   0.0100
7110.00   0.0000   0.0000   0.0000   0.6966   0.0142
7120.00   0.0000   0.0000   0.0000   0.6507   0.0196
7130.00   0.0000   0.0000   0.0000   0.6021   0.0266
7140.00   0.0000   0.0000   0.0000   0.5521   0.0351
7150.00   0.0000   0.0000   0.0000   0.5021   0.0455
7160.00   0.0000   0.0000   0.0000   0.4523   0.0578
7170.00   0.0000   0.0000   0.0000   0.4033   0.0719
7180.00   0.0000   0.0000   0.0000   0.3566   0.0884
7190.00   0.0000   0.0000   0.0000   0.3132   0.1070
7200.00   0.0000   0.0000   0.0000   0.2737   0.1274
7210.00   0.0000   0.0000   0.0000   0.2383   0.1499
7220.00   0.0000   0.0000   0.0000   0.2066   0.1741
7230.00   0.0000   0.0000   0.0000   0.1782   0.1999
7240.00   0.0000   0.0000   0.0000   0.1534   0.2272
7250.00   0.0000   0.0000   0.0000   0.1320   0.2557
7260.00   0.0000   0.0000   0.0000   0.1139   0.2846
7270.00   0.0000   0.0000   0.0000   0.0984   0.3144
7280.00   0.0000   0.0000   0.0000   0.0851   0.3446
7290.00   0.0000   0.0000   0.0000   0.0737   0.3743
7300.00   0.0000   0.0000   0.0000   0.0639   0.4041
7310.00   0.0000   0.0000   0.0000   0.0554   0.4337
7320.00   0.0000   0.0000   0.0000   0.0483   0.4623
7330.00   0.0000   0.0000   0.0000   0.0422   0.4905
7340.00   0.0000   0.0000   0.0000   0.0369   0.5177
7350.00   0.0000   0.0000   0.0000   0.0323   0.5436
7360.00   0.0000   0.0000   0.0000   0.0284   0.5691
7370.00   0.0000   0.0000   0.0000   0.0249   0.5934
7380.00   0.0000   0.0000   0.0000   0.0219   0.6161
7390.00   0.0000   0.0000   0.0000   0.0192   0.6382
7400.00   0.0000   0.0000   0.0000   0.0169   0.6594
7410.00   0.0000   0.0000   0.0000   0.0149   0.6794
7420.00   0.0000   0.0000   0.0001   0.0132   0.6982
7430.00   0.0000   0.0000   0.0001   0.0116   0.7161
7440.00   0.0000   0.0000   0.0001   0.0102   0.7330
7450.00   0.0000   0.0000   0.0000   0.0090   0.7490
7460.00   0.0000   0.0000   0.0000   0.0080   0.7644
7470.00   0.0000   0.0000   0.0000   0.0072   0.7786
7480.00   0.0000   0.0000   0.0000   0.0064   0.7919
7490.00   0.0000   0.0000   0.0000   0.0057   0.8046
7500.00   0.0000   0.0000   0.0000   0.0051   0.8165
7510.00   0.0000   0.0000   0.0000   0.0046   0.8277
7520.00   0.0000   0.0000   0.0000   0.0042   0.8382
7530.00   0.0000   0.0000   0.0000   0.0037   0.8476
7540.00   0.0000   0.0000   0.0000   0.0034   0.8566
7550.00   0.0000   0.0000   0.0000   0.0031   0.8650
7560.00   0.0000   0.0000   0.0000   0.0028   0.8721
7570.00   0.0000   0.0000   0.0000   0.0026   0.8789
7580.00   0.0000   0.0000   0.0000   0.0024   0.8853
7590.00   0.0000   0.0000   0.0000   0.0022   0.8907
7600.00   0.0000   0.0000   0.0000   0.0020   0.8955
7610.00   0.0000   0.0000   0.0000   0.0018   0.9001
7620.00   0.0000   0.0000   0.0000   0.0017   0.9039
7630.00   0.0000   0.0000   0.0000   0.0016   0.9072
7640.00   0.0000   0.0000   0.0000   0.0015   0.9106
7650.00   0.0000   0.0000   0.0000   0.0014   0.9133
7660.00   0.0000   0.0000   0.0000   0.0013   0.9155
7670.00   0.0000   0.0000   0.0000   0.0012   0.9177
7680.00   0.0000   0.0000   0.0000   0.0010   0.9192
7690.00   0.0000   0.0000   0.0000   0.0009   0.9207
7700.00   0.0000   0.0000   0.0000   0.0009   0.9227
7710.00   0.0000   0.0000   0.0000   0.0008   0.9239
7720.00   0.0000   0.0000   0.0000   0.0007   0.9251
7730.00   0.0000   0.0000   0.0000   0.0007   0.9265
7740.00   0.0000   0.0000   0.0000   0.0007   0.9274
7750.00   0.0000   0.0000   0.0000   0.0006   0.9284
7760.00   0.0000   0.0000   0.0000   0.0005   0.9294
7770.00   0.0000   0.0000   0.0000   0.0005   0.9303
7780.00   0.0000   0.0000   0.0000   0.0005   0.9312
7790.00   0.0000   0.0000   0.0000   0.0004   0.9324
7800.00   0.0000   0.0000   0.0000   0.0004   0.9332
7810.00   0.0000   0.0000   0.0000   0.0004   0.9337
7820.00   0.0000   0.0000   0.0000   0.0004   0.9346
7830.00   0.0000   0.0000   0.0000   0.0004   0.9347
7840.00   0.0000   0.0000   0.0000   0.0004   0.9349
7850.00   0.0000   0.0000   0.0000   0.0003   0.9350
7860.00   0.0000   0.0000   0.0000   0.0003   0.9349
7870.00   0.0000   0.0000   0.0000   0.0003   0.9350
7880.00   0.0000   0.0000   0.0000   0.0003   0.9346
7890.00   0.0000   0.0000   0.0000   0.0003   0.9340
7900.00   0.0000   0.0000   0.0000   0.0003   0.9332
7910.00   0.0000   0.0000   0.0000   0.0003   0.9321
7920.00   0.0000   0.0000   0.0000   0.0003   0.9310
7930.00   0.0000   0.0000   0.0000   0.0002   0.9296
7940.00   0.0000   0.0000   0.0000   0.0002   0.9284
7950.00   0.0000   0.0000   0.0000   0.0002   0.9271
7960.00   0.0000   0.0000   0.0000   0.0002   0.9257
7970.00   0.0000   0.0000   0.0000   0.0002   0.9245
7980.00   0.0000   0.0000   0.0000   0.0002   0.9229
7990.00   0.0000   0.0000   0.0000   0.0002   0.9215
8000.00   0.0000   0.0000   0.0000   0.0002   0.9204
8010.00   0.0000   0.0000   0.0000   0.0002   0.9193
8020.00   0.0000   0.0000   0.0000   0.0002   0.9183
8030.00   0.0000   0.0000   0.0000   0.0002   0.9177
8040.00   0.0000   0.0000   0.0000   0.0002   0.9173
8050.00   0.0000   0.0000   0.0000   0.0002   0.9168
8060.00   0.0000   0.0000   0.0000   0.0002   0.9165
8070.00   0.0000   0.0000   0.0000   0.0002   0.9161
8080.00   0.0000   0.0000   0.0000   0.0002   0.9163
8090.00   0.0000   0.0000   0.0000   0.0001   0.9169
8100.00   0.0000   0.0000   0.0000   0.0001   0.9169
8110.00   0.0000   0.0000   0.0000   0.0002   0.9172
8120.00   0.0000   0.0000   0.0000   0.0001   0.9177
8130.00   0.0000   0.0000   0.0000   0.0001   0.9181
8140.00   0.0000   0.0000   0.0000   0.0001   0.9188
8150.00   0.0000   0.0000   0.0001   0.0001   0.9198
8160.00   0.0000   0.0000   0.0001   0.0001   0.9202
8170.00   0.0001   0.0000   0.0001   0.0001   0.9204
8180.00   0.0001   0.0000   0.0001   0.0001   0.9210
8190.00   0.0001   0.0000   0.0000   0.0001   0.9216
8200.00   0.0001   0.0000   0.0000   0.0001   0.9218
8210.00   0.0000   0.0000   0.0000   0.0001   0.9214
8220.00   0.0000   0.0000   0.0000   0.0001   0.9212
8230.00   0.0000   0.0000   0.0000   0.0001   0.9209
8240.00   0.0000   0.0000   0.0000   0.0000   0.9202
8250.00   0.0000   0.0000   0.0000   0.0000   0.9198
8260.00   0.0000   0.0000   0.0000   0.0001   0.9195
8270.00   0.0000   0.0000   0.0000   0.0001   0.9186
8280.00   0.0000   0.0000   0.0000   0.0001   0.9180
8290.00   0.0000   0.0000   0.0000   0.0000   0.9173
8300.00   0.0000   0.0000   0.0009   0.0014   0.9145
8310.00   0.0000   0.0000   0.0018   0.0030   0.9119
8320.00   0.0002   0.0000   0.0017   0.0032   0.9110
8330.00   0.0003   0.0000   0.0018   0.0032   0.9099
8340.00   0.0000   0.0000   0.0019   0.0031   0.9090
8350.00   0.0000   0.0000   0.0018   0.0031   0.9080
8360.00   0.0000   0.0000   0.0017   0.0027   0.9065
8370.00   0.0000   0.0000   0.0018   0.0029   0.9058
8380.00   0.0002   0.0000   0.0018   0.0035   0.9050
8390.00   0.0004   0.0000   0.0018   0.0035   0.9035
8400.00   0.0003   0.0000   0.0018   0.0030   0.9028
8410.00   0.0000   0.0000   0.0017   0.0029   0.9020
8420.00   0.0003   0.0000   0.0018   0.0036   0.9005
8430.00   0.0003   0.0000   0.0018   0.0037   0.8993
8440.00   0.0003   0.0000   0.0018   0.0032   0.8980
8450.00   0.0003   0.0000   0.0017   0.0032   0.8964
8460.00   0.0003   0.0000   0.0017   0.0033   0.8951
8470.00   0.0000   0.0000   0.0018   0.0031   0.8933
8480.00   0.0000   0.0000   0.0018   0.0031   0.8907
8490.00   0.0001   0.0000   0.0017   0.0030   0.8889
8500.00   0.0000   0.0000   0.0017   0.0031   0.8870
8510.00   0.0000   0.0000   0.0018   0.0034   0.8842
8520.00   0.0000   0.0000   0.0019   0.0032   0.8824
8530.00   0.0000   0.0000   0.0019   0.0033   0.8798
8540.00   0.0000   0.0000   0.0019   0.0034   0.8764
8550.00   0.0000   0.0000   0.0018   0.0030   0.8740
8560.00   0.0000   0.0000   0.0017   0.0028   0.8712
8570.00   0.0000   0.0000   0.0018   0.0030   0.8677
8580.00   0.0000   0.0000   0.0019   0.0031   0.8650
8590.00   0.0000   0.0000   0.0018   0.0028   0.8621
8600.00   0.0001   0.0000   0.0018   0.0033   0.8585
8610.00   0.0002   0.0000   0.0019   0.0034   0.8551
8620.00   0.0000   0.0000   0.0018   0.0031   0.8516
8630.00   0.0000   0.0000   0.0018   0.0033   0.8483
8640.00   0.0001   0.0000   0.0018   0.0034   0.8454
8650.00   0.0001   0.0000   0.0018   0.0034   0.8417
8660.00   0.0002   0.0000   0.0017   0.0031   0.8379
8670.00   0.0001   0.0000   0.0017   0.0028   0.8345
8680.00   0.0000   0.0000   0.0019   0.0029   0.8295
8690.00   0.0000   0.0000   0.0019   0.0033   0.8233
8700.00   0.0001   0.0000   0.0016   0.0035   0.8169
8710.00   0.0001   0.0000   0.0018   0.0034   0.8084
8720.00   0.0000   0.0000   0.0020   0.0034   0.7980
8730.00   0.0000   0.0000   0.0020   0.0032   0.7856
8740.00   0.0000   0.0000   0.0019   0.0033   0.7695
8750.00   0.0000   0.0000   0.0019   0.0034   0.7495
8760.00   0.0000   0.0000   0.0019   0.0032   0.7258
8770.00   0.0000   0.0000   0.0018   0.0029   0.6969
8780.00   0.0000   0.0000   0.0018   0.0031   0.6628
8790.00   0.0000   0.0000   0.0020   0.0032   0.6234
8800.00   0.0000   0.0000   0.0021   0.0031   0.5793
8810.00   0.0000   0.0000   0.0019   0.0029   0.5316
8820.00   0.0002   0.0000   0.0019   0.0030   0.4799
8830.00   0.0002   0.0000   0.0020   0.0032   0.4276
8840.00   0.0000   0.0000   0.0020   0.0033   0.3775
8850.00   0.0000   0.0000   0.0020   0.0030   0.3280
8860.00   0.0000   0.0000   0.0019   0.0029   0.2811
8870.00   0.0000   0.0000   0.0019   0.0030   0.2397
8880.00   0.0000   0.0000   0.0019   0.0031   0.2025
8890.00   0.0000   0.0000   0.0018   0.0032   0.1699
8900.00   0.0002   0.0000   0.0018   0.0034   0.1421
8910.00   0.0002   0.0000   0.0018   0.0033   0.1185
8920.00   0.0001   0.0000   0.0019   0.0033   0.0986
8930.00   0.0001   0.0000   0.0020   0.0033   0.0821
8940.00   0.0001   0.0000   0.0020   0.0032   0.0686
8950.00   0.0000   0.0000   0.0020   0.0035   0.0573
8960.00   0.0000   0.0000   0.0020   0.0035   0.0480
8970.00   0.0001   0.0000   0.0019   0.0035   0.0406
8980.00   0.0002   0.0000   0.0020   0.0034   0.0345
8990.00   0.0004   0.0000   0.0022   0.0034   0.0294
9000.00   0.0002   0.0000   0.0020   0.0036   0.0251
9010.00   0.0000   0.0000   0.0020   0.0034   0.0215
9020.00   0.0000   0.0000   0.0020   0.0035   0.0186
9030.00   0.0000   0.0000   0.0020   0.0037   0.0162
9040.00   0.0000   0.0000   0.0020   0.0036   0.0142
9050.00   0.0000   0.0000   0.0020   0.0035   0.0126
9060.00   0.0000   0.0000   0.0019   0.0036   0.0114
9070.00   0.0000   0.0000   0.0019   0.0036   0.0101
9080.00   0.0000   0.0000   0.0019   0.0036   0.0091
9090.00   0.0000   0.0000   0.0019   0.0035   0.0085
9100.00   0.0000   0.0000   0.0020   0.0034   0.0079
9110.00   0.0000   0.0000   0.0020   0.0035   0.0072
9120.00   0.0000   0.0000   0.0020   0.0034   0.0066
9130.00   0.0000   0.0000   0.0020   0.0035   0.0062
9140.00   0.0000   0.0000   0.0021   0.0036   0.0059
9150.00   0.0000   0.0000   0.0022   0.0037   0.0057
9160.00   0.0000   0.0000   0.0020   0.0036   0.0054
9170.00   0.0000   0.0000   0.0020   0.0038   0.0051
9180.00   0.0000   0.0000   0.0021   0.0038   0.0049
9190.00   0.0000   0.0000   0.0021   0.0037   0.0048
9200.00   0.0000   0.0000   0.0020   0.0039   0.0047
9210.00   0.0000   0.0000   0.0020   0.0039   0.0045
9220.00   0.0000   0.0000   0.0020   0.0038   0.0045
9230.00   0.0000   0.0000   0.0021   0.0038   0.0044
9240.00   0.0000   0.0000   0.0021   0.0037   0.0044
9250.00   0.0000   0.0000   0.0020   0.0037   0.0043
9260.00   0.0000   0.0000   0.0021   0.0037   0.0043
9270.00   0.0000   0.0000   0.0022   0.0038   0.0042
9280.00   0.0000   0.0000   0.0022   0.0040   0.0042
9290.00   0.0002   0.0000   0.0021   0.0037   0.0041
9300.00   0.0000   0.0000   0.0022   0.0037   0.0042
9310.00   0.0000   0.0000   0.0021   0.0039   0.0042
9320.00   0.0002   0.0000   0.0020   0.0038   0.0041
9330.00   0.0002   0.0000   0.0021   0.0038   0.0041
9340.00   0.0000   0.0000   0.0021   0.0038   0.0040
9350.00   0.0000   0.0000   0.0021   0.0037   0.0041
9360.00   0.0000   0.0000   0.0021   0.0037   0.0041
9370.00   0.0000   0.0000   0.0021   0.0038   0.0040
9380.00   0.0000   0.0000   0.0021   0.0040   0.0040
9390.00   0.0000   0.0000   0.0021   0.0040   0.0040
9400.00   0.0002   0.0000   0.0022   0.0039   0.0040
9410.00   0.0000   0.0000   0.0022   0.0039   0.0041
9420.00   0.0000   0.0000   0.0022   0.0040   0.0040
9430.00   0.0000   0.0000   0.0022   0.0040   0.0040
9440.00   0.0000   0.0000   0.0022   0.0038   0.0040
9450.00   0.0000   0.0000   0.0022   0.0038   0.0040
9460.00   0.0001   0.0000   0.0022   0.0039   0.0041
9470.00   0.0000   0.0000   0.0021   0.0040   0.0040
9480.00   0.0000   0.0000   0.0021   0.0040   0.0040
9490.00   0.0000   0.0000   0.0022   0.0038   0.0039
9500.00   0.0000   0.0000   0.0022   0.0038   0.0039
9510.00   0.0000   0.0000   0.0022   0.0041   0.0040
9520.00   0.0000   0.0000   0.0022   0.0042   0.0040
9530.00   0.0000   0.0000   0.0022   0.0040   0.0040
9540.00   0.0000   0.0000   0.0023   0.0038   0.0040
9550.00   0.0001   0.0000   0.0022   0.0040   0.0040
9560.00   0.0000   0.0000   0.0022   0.0041   0.0040
9570.00   0.0000   0.0000   0.0022   0.0041   0.0040
9580.00   0.0000   0.0000   0.0022   0.0040   0.0040
9590.00   0.0000   0.0000   0.0022   0.0040   0.0040
9600.00   0.0000   0.0000   0.0022   0.0041   0.0040
9610.00   0.0000   0.0000   0.0022   0.0042   0.0041
9620.00   0.0000   0.0000   0.0023   0.0040   0.0041
9630.00   0.0000   0.0000   0.0023   0.0039   0.0041
9640.00   0.0000   0.0000   0.0023   0.0040   0.0041
9650.00   0.0000   0.0000   0.0022   0.0041   0.0041
9660.00   0.0000   0.0000   0.0022   0.0041   0.0042
9670.00   0.0000   0.0000   0.0022   0.0040   0.0041
9680.00   0.0000   0.0000   0.0022   0.0040   0.0041
9690.00   0.0000   0.0000   0.0023   0.0040   0.0041
9700.00   0.0000   0.0000   0.0023   0.0041   0.0041
9710.00   0.0000   0.0000   0.0023   0.0042   0.0041
9720.00   0.0000   0.0000   0.0023   0.0042   0.0041
9730.00   0.0000   0.0000   0.0023   0.0042   0.0042
9740.00   0.0000   0.0000   0.0022   0.0043   0.0041
9750.00   0.0000   0.0000   0.0023   0.0044   0.0041
9760.00   0.0000   0.0000   0.0024   0.0044   0.0042
9770.00   0.0000   0.0000   0.0023   0.0042   0.0042
9780.00   0.0001   0.0000   0.0023   0.0041   0.0042
9790.00   0.0000   0.0000   0.0023   0.0041   0.0042
9800.00   0.0000   0.0000   0.0023   0.0040   0.0042
9810.00   0.0000   0.0000   0.0023   0.0040   0.0042
9820.00   0.0001   0.0000   0.0023   0.0042   0.0042
9830.00   0.0001   0.0000   0.0023   0.0043   0.0042
9840.00   0.0001   0.0000   0.0023   0.0042   0.0042
9850.00   0.0000   0.0000   0.0024   0.0040   0.0043
9860.00   0.0000   0.0000   0.0023   0.0041   0.0042
9870.00   0.0000   0.0000   0.0022   0.0041   0.0042
9880.00   0.0000   0.0000   0.0022   0.0041   0.0042
9890.00   0.0000   0.0000   0.0023   0.0042   0.0042
9900.00   0.0000   0.0000   0.0023   0.0042   0.0042
9910.00   0.0000   0.0000   0.0022   0.0042   0.0042
9920.00   0.0000   0.0000   0.0023   0.0042   0.0043
9930.00   0.0000   0.0000   0.0023   0.0042   0.0043
9940.00   0.0000   0.0000   0.0022   0.0043   0.0042
9950.00   0.0000   0.0000   0.0023   0.0043   0.0043
9960.00   0.0000   0.0000   0.0023   0.0043   0.0042
9970.00   0.0000   0.0000   0.0022   0.0043   0.0043
9980.00   0.0000   0.0000   0.0022   0.0042   0.0043
9990.00   0.0000   0.0000   0.0022   0.0041   0.0043
10000.0   0.0000   0.0000   0.0021   0.0041   0.0043
