1000.00, 0.4303
999.00, 0.4272
998.00, 0.4303
997.00, 0.4272
996.00, 0.4242
995.00, 0.4257
994.00, 0.4227
993.00, 0.4257
992.00, 0.4272
991.00, 0.4227
990.00, 0.4181
989.00, 0.4211
988.00, 0.4227
987.00, 0.4227
986.00, 0.4242
985.00, 0.4257
984.00, 0.4196
983.00, 0.4211
982.00, 0.4227
981.00, 0.4166
980.00, 0.4166
979.00, 0.4181
978.00, 0.4196
977.00, 0.4227
976.00, 0.4181
975.00, 0.4120
974.00, 0.4135
973.00, 0.4150
972.00, 0.4105
971.00, 0.4074
970.00, 0.4105
969.00, 0.4135
968.00, 0.4089
967.00, 0.4120
966.00, 0.4150
965.00, 0.4120
964.00, 0.4135
963.00, 0.4089
962.00, 0.4059
961.00, 0.4074
960.00, 0.4028
959.00, 0.3998
958.00, 0.4013
957.00, 0.3967
956.00, 0.4013
955.00, 0.4028
954.00, 0.3983
953.00, 0.4013
952.00, 0.4044
951.00, 0.3998
950.00, 0.3860
949.00, 0.3891
948.00, 0.4013
947.00, 0.4044
946.00, 0.4074
945.00, 0.4028
944.00, 0.3983
943.00, 0.4013
942.00, 0.4044
941.00, 0.4074
940.00, 0.4013
939.00, 0.3967
938.00, 0.3998
937.00, 0.4044
936.00, 0.4074
935.00, 0.4105
934.00, 0.4044
933.00, 0.4074
932.00, 0.4120
931.00, 0.4150
930.00, 0.4196
929.00, 0.4135
928.00, 0.4181
927.00, 0.4227
926.00, 0.4272
925.00, 0.4318
924.00, 0.4364
923.00, 0.4410
922.00, 0.4456
921.00, 0.4501
920.00, 0.4669
919.00, 0.4837
918.00, 0.4883
917.00, 0.5051
916.00, 0.5432
915.00, 0.5722
914.00, 0.5905
913.00, 0.6210
912.00, 0.6622
911.00, 0.7172
910.00, 0.7858
909.00, 0.8545
908.00, 0.9140
907.00, 1.012
906.00, 1.137
905.00, 1.263
904.00, 1.421
903.00, 1.619
902.00, 1.863
901.00, 2.153
900.00, 2.513
899.00, 2.937
898.00, 3.448
897.00, 4.056
896.00, 4.796
895.00, 5.728
894.00, 6.860
893.00, 8.208
892.00, 9.862
891.00, 11.85
890.00, 14.21
889.00, 16.99
888.00, 20.25
887.00, 23.97
886.00, 28.11
885.00, 32.80
884.00, 37.75
883.00, 42.76
882.00, 47.99
881.00, 53.16
880.00, 57.93
879.00, 62.34
878.00, 66.28
877.00, 69.69
876.00, 72.58
875.00, 74.95
874.00, 76.95
873.00, 78.56
872.00, 79.80
871.00, 80.84
870.00, 81.69
869.00, 82.33
868.00, 82.95
867.00, 83.45
866.00, 83.79
865.00, 84.17
864.00, 84.54
863.00, 84.83
862.00, 85.16
861.00, 85.51
860.00, 85.85
859.00, 86.21
858.00, 86.50
857.00, 86.77
856.00, 87.12
855.00, 87.40
854.00, 87.64
853.00, 87.98
852.00, 88.24
851.00, 88.42
850.00, 88.70
849.00, 88.89
848.00, 89.07
847.00, 89.33
846.00, 89.51
845.00, 89.64
844.00, 89.80
843.00, 89.93
842.00, 90.05
841.00, 90.20
840.00, 90.28
839.00, 90.35
838.00, 90.50
837.00, 90.58
836.00, 90.65
835.00, 90.80
834.00, 90.90
833.00, 90.99
832.00, 91.10
831.00, 91.19
830.00, 91.45
829.00, 91.73
828.00, 91.80
827.00, 91.86
826.00, 91.95
825.00, 91.98
824.00, 92.02
823.00, 92.09
822.00, 92.12
821.00, 92.14
820.00, 92.18
819.00, 92.16
818.00, 92.10
817.00, 92.04
816.00, 92.02
815.00, 91.98
814.00, 91.88
813.00, 91.81
812.00, 91.77
811.00, 91.72
810.00, 91.69
809.00, 91.69
808.00, 91.63
807.00, 91.61
806.00, 91.65
805.00, 91.68
804.00, 91.73
803.00, 91.77
802.00, 91.83
801.00, 91.93
800.00, 92.04
799.00, 92.15
798.00, 92.29
797.00, 92.45
796.00, 92.57
795.00, 92.71
794.00, 92.84
793.00, 92.96
792.00, 93.10
791.00, 93.21
790.00, 93.32
789.00, 93.40
788.00, 93.46
787.00, 93.50
786.00, 93.49
785.00, 93.50
784.00, 93.49
783.00, 93.47
782.00, 93.46
781.00, 93.37
780.00, 93.32
779.00, 93.24
778.00, 93.12
777.00, 93.03
776.00, 92.94
775.00, 92.84
774.00, 92.74
773.00, 92.65
772.00, 92.51
771.00, 92.39
770.00, 92.27
769.00, 92.07
768.00, 91.92
767.00, 91.77
766.00, 91.55
765.00, 91.33
764.00, 91.06
763.00, 90.72
762.00, 90.39
761.00, 90.01
760.00, 89.55
759.00, 89.07
758.00, 88.53
757.00, 87.89
756.00, 87.21
755.00, 86.50
754.00, 85.66
753.00, 84.76
752.00, 83.82
751.00, 82.77
750.00, 81.65
749.00, 80.46
748.00, 79.19
747.00, 77.86
746.00, 76.44
745.00, 74.90
744.00, 73.30
743.00, 71.61
742.00, 69.82
741.00, 67.94
740.00, 65.94
739.00, 63.82
738.00, 61.61
737.00, 59.34
736.00, 56.91
735.00, 54.36
734.00, 51.77
733.00, 49.05
732.00, 46.23
731.00, 43.37
730.00, 40.41
729.00, 37.43
728.00, 34.46
727.00, 31.44
726.00, 28.46
725.00, 25.57
724.00, 22.72
723.00, 19.99
722.00, 17.41
721.00, 14.99
720.00, 12.74
719.00, 10.70
718.00, 8.835
717.00, 7.193
716.00, 5.775
715.00, 4.546
714.00, 3.511
713.00, 2.660
712.00, 1.962
711.00, 1.416
710.00, 0.9995
709.00, 0.6836
708.00, 0.4562
707.00, 0.2930
706.00, 0.1801
705.00, 0.1068
704.00, 0.0610
703.00, 0.0320
702.00, 0.0153
701.00, 0.0061
700.00, 0.0031
699.00, 0.0015
698.00, -0.0015
697.00, -0.0015
696.00, 0.0000
695.00, 0.0000
694.00, -0.0015
693.00, -0.0031
692.00, -0.0031
691.00, -0.0015
690.00, 0.0000
689.00, 0.0000
688.00, 0.0000
687.00, -0.0015
686.00, -0.0031
685.00, -0.0031
684.00, -0.0015
683.00, 0.0000
682.00, 0.0000
681.00, 0.0000
680.00, 0.0000
679.00, 0.0000
678.00, 0.0000
677.00, 0.0000
676.00, 0.0000
675.00, 0.0000
674.00, -0.0015
673.00, -0.0015
672.00, -0.0015
671.00, -0.0015
670.00, 0.0000
669.00, 0.0000
668.00, 0.0000
667.00, 0.0000
666.00, 0.0000
665.00, 0.0000
664.00, 0.0000
663.00, 0.0000
662.00, 0.0000
661.00, 0.0000
660.00, 0.0000
659.00, -0.0015
658.00, -0.0031
657.00, -0.0015
656.00, 0.0000
655.00, 0.0000
654.00, 0.0000
653.00, 0.0000
652.00, 0.0000
651.00, 0.0000
650.00, 0.0000
649.00, 0.0000
648.00, 0.0000
647.00, 0.0000
646.00, 0.0000
645.00, 0.0000
644.00, 0.0000
643.00, 0.0000
642.00, 0.0000
641.00, 0.0000
640.00, 0.0000
639.00, 0.0000
638.00, 0.0000
637.00, 0.0000
636.00, 0.0000
635.00, -0.0015
634.00, -0.0031
633.00, -0.0015
632.00, 0.0000
631.00, 0.0000
630.00, 0.0000
629.00, 0.0000
628.00, 0.0000
627.00, 0.0000
626.00, 0.0000
625.00, 0.0000
624.00, 0.0000
623.00, 0.0000
622.00, 0.0000
621.00, 0.0000
620.00, 0.0000
619.00, 0.0000
618.00, 0.0000
617.00, 0.0000
616.00, 0.0000
615.00, 0.0000
614.00, 0.0000
613.00, 0.0000
612.00, 0.0000
611.00, 0.0000
610.00, 0.0000
609.00, 0.0000
608.00, 0.0000
607.00, 0.0000
606.00, 0.0000
605.00, 0.0000
604.00, -0.0015
603.00, -0.0015
602.00, 0.0000
601.00, 0.0000
600.00, 0.0000
599.00, 0.0000
598.00, 0.0000
597.00, -0.0015
596.00, -0.0015
595.00, 0.0000
594.00, 0.0000
593.00, 0.0000
592.00, 0.0000
591.00, 0.0000
590.00, -0.0015
589.00, -0.0015
588.00, 0.0000
587.00, 0.0000
586.00, 0.0000
585.00, 0.0000
584.00, 0.0000
583.00, 0.0000
582.00, 0.0000
581.00, 0.0000
580.00, 0.0000
579.00, 0.0000
578.00, 0.0000
577.00, 0.0000
576.00, 0.0000
575.00, 0.0000
574.00, -0.0015
573.00, -0.0015
572.00, 0.0000
571.00, 0.0000
570.00, 0.0000
569.00, 0.0000
568.00, 0.0000
567.00, -0.0015
566.00, -0.0031
565.00, -0.0015
564.00, 0.0000
563.00, 0.0000
562.00, 0.0000
561.00, -0.0015
560.00, -0.0015
559.00, 0.0000
558.00, 0.0000
557.00, 0.0000
556.00, 0.0000
555.00, 0.0000
554.00, 0.0000
553.00, -0.0015
552.00, -0.0015
551.00, -0.0015
550.00, -0.0031
549.00, -0.0015
548.00, 0.0000
547.00, -0.0015
546.00, -0.0015
545.00, 0.0000
544.00, 0.0000
543.00, -0.0015
542.00, -0.0015
541.00, 0.0000
540.00, 0.0000
539.00, 0.0000
538.00, 0.0000
537.00, 0.0000
536.00, 0.0000
535.00, 0.0000
534.00, 0.0000
533.00, -0.0015
532.00, -0.0015
531.00, 0.0000
530.00, -0.0015
529.00, -0.0015
528.00, 0.0000
527.00, -0.0015
526.00, -0.0031
525.00, -0.0015
524.00, 0.0000
523.00, 0.0000
522.00, 0.0000
521.00, -0.0015
520.00, -0.0031
519.00, -0.0031
518.00, -0.0031
517.00, -0.0015
516.00, 0.0000
515.00, 0.0000
514.00, 0.0000
513.00, 0.0000
512.00, 0.0000
511.00, 0.0000
510.00, 0.0000
509.00, 0.0000
508.00, 0.0000
507.00, 0.0000
506.00, 0.0000
505.00, -0.0015
504.00, -0.0015
503.00, 0.0000
502.00, 0.0000
501.00, 0.0000
500.00, 0.0000
499.00, 0.0000
498.00, 0.0000
497.00, 0.0000
496.00, 0.0000
495.00, 0.0000
494.00, 0.0000
493.00, -0.0015
492.00, -0.0015
491.00, 0.0000
490.00, 0.0000
489.00, 0.0000
488.00, 0.0000
487.00, -0.0015
486.00, -0.0015
485.00, 0.0000
484.00, 0.0000
483.00, 0.0000
482.00, 0.0000
481.00, 0.0000
480.00, 0.0000
479.00, 0.0000
478.00, 0.0000
477.00, 0.0000
476.00, 0.0000
475.00, 0.0000
474.00, -0.0015
473.00, -0.0015
472.00, 0.0000
471.00, 0.0000
470.00, 0.0000
469.00, 0.0000
468.00, 0.0000
467.00, 0.0000
466.00, 0.0000
465.00, 0.0000
464.00, 0.0000
463.00, 0.0000
462.00, 0.0000
461.00, 0.0000
460.00, 0.0000
459.00, 0.0000
458.00, 0.0000
457.00, 0.0000
456.00, 0.0000
455.00, 0.0000
454.00, 0.0000
453.00, 0.0000
452.00, 0.0000
451.00, 0.0000
450.00, 0.0000
449.00, 0.0000
448.00, 0.0000
447.00, 0.0000
446.00, 0.0000
445.00, -0.0015
444.00, -0.0015
443.00, -0.0015
442.00, -0.0015
441.00, 0.0000
440.00, 0.0000
439.00, 0.0000
438.00, 0.0000
437.00, 0.0000
436.00, 0.0000
435.00, 0.0000
434.00, 0.0000
433.00, 0.0000
432.00, 0.0000
431.00, 0.0000
430.00, 0.0000
429.00, 0.0000
428.00, 0.0000
427.00, 0.0000
426.00, 0.0000
425.00, 0.0000
424.00, 0.0000
423.00, 0.0000
422.00, 0.0000
421.00, -0.0015
420.00, -0.0031
419.00, -0.0015
418.00, 0.0000
417.00, 0.0000
416.00, 0.0000
415.00, 0.0000
414.00, 0.0000
413.00, 0.0000
412.00, 0.0000
411.00, 0.0000
410.00, 0.0000
409.00, 0.0000
408.00, 0.0000
407.00, 0.0000
406.00, 0.0000
405.00, 0.0000
404.00, 0.0000
403.00, 0.0000
402.00, 0.0000
401.00, 0.0000
400.00, 0.0000
399.00, 0.0000
398.00, 0.0000
397.00, 0.0000
396.00, 0.0000
395.00, 0.0000
394.00, 0.0000
393.00, 0.0000
392.00, 0.0000
391.00, 0.0000
390.00, 0.0000
389.00, 0.0000
388.00, 0.0000
387.00, 0.0000
386.00, 0.0000
385.00, 0.0000
384.00, 0.0000
383.00, 0.0000
382.00, 0.0000
381.00, 0.0000
380.00, 0.0000
379.00, 0.0000
378.00, 0.0000
377.00, 0.0000
376.00, 0.0000
375.00, 0.0000
374.00, 0.0000
373.00, 0.0000
372.00, 0.0000
371.00, 0.0000
370.00, 0.0000
369.00, 0.0000
368.00, 0.0000
367.00, 0.0000
366.00, 0.0000
365.00, 0.0000
364.00, 0.0000
363.00, 0.0000
362.00, 0.0000
361.00, 0.0000
360.00, 0.0000
359.00, -0.0015
358.00, -0.0031
357.00, -0.0031
356.00, -0.0031
355.00, -0.0015
354.00, -0.0015
353.00, -0.0031
352.00, -0.0015
351.00, -0.0015
350.00, -0.0031
349.00, -0.0015
348.00, -0.0015
347.00, -0.0015
346.00, 0.0000
345.00, -0.0015
344.00, -0.0031
343.00, -0.0031
342.00, -0.0031
341.00, -0.0015
340.00, -0.0015
339.00, -0.0015
338.00, -0.0015
337.00, -0.0015
336.00, -0.0015
335.00, -0.0031
334.00, -0.0015
333.00, -0.0015
332.00, -0.0015
331.00, -0.0015
330.00, -0.0015
329.00, 0.0000
328.00, 0.0000
327.00, -0.0015
326.00, -0.0031
325.00, -0.0015
324.00, -0.0015
323.00, -0.0031
322.00, -0.0031
321.00, -0.0031
320.00, -0.0015
319.00, -0.0015
318.00, -0.0031
317.00, -0.0015
316.00, -0.0015
315.00, -0.0031
314.00, -0.0015
313.00, -0.0015
312.00, -0.0015
311.00, -0.0015
310.00, -0.0031
309.00, -0.0031
308.00, -0.0031
307.00, -0.0031
306.00, -0.0031
305.00, -0.0015
304.00, -0.0015
303.00, -0.0031
302.00, -0.0015
301.00, 0.0000
300.00, -0.0015
299.00, -0.0015
298.00, 0.0000
297.00, 0.0000
296.00, -0.0015
295.00, -0.0015
294.00, 0.0000
293.00, 0.0000
292.00, 0.0000
291.00, 0.0000
290.00, -0.0015
289.00, -0.0031
288.00, -0.0031
287.00, -0.0031
286.00, -0.0031
285.00, -0.0031
284.00, -0.0031
283.00, -0.0015
282.00, -0.0015
281.00, -0.0015
280.00, 0.0000
279.00, -0.0015
278.00, -0.0015
277.00, 0.0000
276.00, 0.0000
275.00, -0.0015
274.00, -0.0031
273.00, -0.0015
272.00, 0.0000
271.00, -0.0015
270.00, -0.0031
269.00, -0.0031
268.00, -0.0031
267.00, -0.0015
266.00, 0.0000
265.00, 0.0000
264.00, 0.0000
263.00, 0.0000
262.00, -0.0015
261.00, -0.0015
260.00, 0.0000
259.00, 0.0000
258.00, -0.0015
257.00, -0.0015
256.00, 0.0000
255.00, 0.0000
254.00, -0.0015
253.00, -0.0031
252.00, -0.0015
251.00, 0.0000
250.00, 0.0000
