1000.00, -0.0107
999.00, -0.0107
998.00, 0.0000
997.00, 0.0000
996.00, 0.0000
995.00, 0.0000
994.00, -0.0107
993.00, -0.0107
992.00, 0.0000
991.00, 0.0000
990.00, 0.0000
989.00, 0.0000
988.00, 0.0000
987.00, 0.0000
986.00, -0.0122
985.00, 0.0000
984.00, 0.0107
983.00, 0.0107
982.00, 0.0107
981.00, 0.0000
980.00, -0.0122
979.00, 0.0000
978.00, 0.0107
977.00, 0.0000
976.00, 0.0000
975.00, 0.0000
974.00, 0.0000
973.00, 0.0000
972.00, 0.0000
971.00, 0.0000
970.00, 0.0000
969.00, 0.0000
968.00, -0.0122
967.00, -0.0122
966.00, 0.0000
965.00, -0.0122
964.00, -0.0259
963.00, -0.0259
962.00, -0.0137
961.00, 0.0000
960.00, 0.0000
959.00, 0.0000
958.00, 0.0000
957.00, -0.0137
956.00, 0.0000
955.00, 0.0137
954.00, 0.0000
953.00, 0.0000
952.00, -0.0137
951.00, -0.0137
950.00, 0.0000
949.00, -0.0153
948.00, -0.0290
947.00, 0.0000
946.00, 0.0137
945.00, 0.0000
944.00, 0.0000
943.00, 0.0000
942.00, -0.0153
941.00, 0.0000
940.00, 0.0153
939.00, 0.0000
938.00, 0.0000
937.00, 0.0000
936.00, 0.0000
935.00, -0.0168
934.00, -0.0168
933.00, 0.0168
932.00, 0.0168
931.00, -0.0168
930.00, -0.0168
929.00, 0.0168
928.00, 0.0000
927.00, -0.0183
926.00, 0.0000
925.00, -0.0183
924.00, -0.0183
923.00, 0.0000
922.00, 0.0000
921.00, 0.0000
920.00, 0.0000
919.00, 0.0000
918.00, -0.0198
917.00, -0.0198
916.00, 0.0000
915.00, -0.0214
914.00, -0.0412
913.00, -0.0214
912.00, -0.0214
911.00, -0.0214
910.00, 0.0000
909.00, 0.0000
908.00, -0.0122
907.00, -0.0061
906.00, -0.0061
905.00, -0.0168
904.00, -0.0107
903.00, -0.0107
902.00, -0.0061
901.00, -0.0061
900.00, 0.0198
899.00, 0.0381
898.00, 0.0183
897.00, 0.0122
896.00, 0.0000
895.00, 0.0000
894.00, 0.0061
893.00, 0.0137
892.00, 0.0137
891.00, 0.0214
890.00, 0.0214
889.00, -0.0153
888.00, -0.0153
887.00, 0.0000
886.00, 0.0000
885.00, -0.0076
884.00, 0.0000
883.00, 0.0153
882.00, 0.0153
881.00, 0.0000
880.00, -0.0168
879.00, 0.0000
878.00, 0.0000
877.00, -0.0092
876.00, 0.0000
875.00, -0.0092
874.00, -0.0092
873.00, 0.0000
872.00, 0.0000
871.00, 0.0092
870.00, 0.0092
869.00, -0.0214
868.00, -0.0214
867.00, 0.0107
866.00, 0.0214
865.00, 0.0107
864.00, 0.0107
863.00, -0.0122
862.00, -0.0107
861.00, 0.0229
860.00, 0.0107
859.00, 0.0000
858.00, 0.0000
857.00, 0.0000
856.00, -0.0122
855.00, 0.0000
854.00, 0.0000
853.00, 0.0000
852.00, 0.0000
851.00, -0.0137
850.00, 0.0000
849.00, 0.0122
848.00, -0.0015
847.00, 0.0000
846.00, 0.0275
845.00, 0.0275
844.00, 0.0275
843.00, 0.0275
842.00, 0.0290
841.00, 0.0000
840.00, 0.0290
839.00, 0.0443
838.00, 0.0153
837.00, 0.0000
836.00, -0.0153
835.00, -0.0320
834.00, -0.0168
833.00, 0.0305
832.00, 0.0153
831.00, 0.0000
830.00, -0.0015
829.00, -0.0031
828.00, -0.0015
827.00, -0.0015
826.00, -0.0015
825.00, 0.0000
824.00, 0.0000
823.00, 0.0015
822.00, 0.0031
821.00, 0.0031
820.00, 0.0061
819.00, 0.0092
818.00, 0.0092
817.00, 0.0061
816.00, 0.0015
815.00, 0.0000
814.00, 0.0000
813.00, 0.0000
812.00, -0.0015
811.00, -0.0031
810.00, -0.0031
809.00, -0.0031
808.00, -0.0031
807.00, -0.0031
806.00, -0.0031
805.00, -0.0061
804.00, -0.0061
803.00, -0.0031
802.00, -0.0031
801.00, -0.0031
800.00, -0.0031
799.00, -0.0031
798.00, -0.0031
797.00, -0.0031
796.00, -0.0031
795.00, -0.0031
794.00, -0.0031
793.00, -0.0031
792.00, -0.0031
791.00, -0.0031
790.00, -0.0031
789.00, -0.0031
788.00, -0.0031
787.00, -0.0031
786.00, -0.0031
785.00, -0.0031
784.00, -0.0031
783.00, -0.0031
782.00, -0.0061
781.00, -0.0061
780.00, -0.0031
779.00, -0.0031
778.00, -0.0031
777.00, -0.0031
776.00, -0.0031
775.00, -0.0031
774.00, -0.0031
773.00, -0.0031
772.00, -0.0031
771.00, -0.0031
770.00, -0.0031
769.00, -0.0061
768.00, -0.0061
767.00, -0.0031
766.00, -0.0031
765.00, -0.0061
764.00, -0.0061
763.00, -0.0031
762.00, -0.0061
761.00, -0.0061
760.00, -0.0031
759.00, -0.0015
758.00, -0.0046
757.00, -0.0061
756.00, -0.0061
755.00, -0.0061
754.00, -0.0061
753.00, -0.0061
752.00, -0.0031
751.00, -0.0031
750.00, -0.0031
749.00, -0.0031
748.00, -0.0031
747.00, -0.0031
746.00, -0.0031
745.00, -0.0031
744.00, -0.0031
743.00, -0.0061
742.00, -0.0061
741.00, -0.0031
740.00, -0.0031
739.00, -0.0031
738.00, -0.0031
737.00, -0.0031
736.00, -0.0031
735.00, -0.0031
734.00, -0.0031
733.00, -0.0031
732.00, -0.0031
731.00, -0.0031
730.00, -0.0031
729.00, -0.0031
728.00, -0.0031
727.00, -0.0031
726.00, -0.0031
725.00, -0.0031
724.00, -0.0031
723.00, -0.0031
722.00, -0.0031
721.00, -0.0031
720.00, -0.0031
719.00, -0.0031
718.00, -0.0031
717.00, -0.0031
716.00, -0.0031
715.00, -0.0061
714.00, -0.0061
713.00, -0.0031
712.00, -0.0031
711.00, -0.0031
710.00, -0.0031
709.00, -0.0031
708.00, -0.0015
707.00, -0.0015
706.00, -0.0031
705.00, -0.0031
704.00, -0.0031
703.00, -0.0031
702.00, -0.0031
701.00, -0.0031
700.00, -0.0031
699.00, -0.0031
698.00, -0.0031
697.00, -0.0031
696.00, -0.0031
695.00, -0.0031
694.00, -0.0031
693.00, -0.0031
692.00, -0.0031
691.00, -0.0031
690.00, -0.0031
689.00, -0.0031
688.00, -0.0031
687.00, -0.0031
686.00, -0.0031
685.00, -0.0031
684.00, 0.0000
683.00, -0.0061
682.00, -0.0076
681.00, -0.0015
680.00, -0.0061
679.00, -0.0061
678.00, -0.0031
677.00, -0.0031
676.00, -0.0031
675.00, -0.0061
674.00, -0.0061
673.00, -0.0031
672.00, -0.0031
671.00, -0.0031
670.00, -0.0031
669.00, -0.0031
668.00, -0.0031
667.00, -0.0061
666.00, -0.0061
665.00, -0.0031
664.00, -0.0015
663.00, -0.0015
662.00, -0.0031
661.00, -0.0031
660.00, -0.0031
659.00, -0.0031
658.00, -0.0031
657.00, -0.0031
656.00, -0.0031
655.00, -0.0031
654.00, -0.0031
653.00, -0.0031
652.00, -0.0031
651.00, -0.0031
650.00, -0.0031
649.00, -0.0031
648.00, -0.0031
647.00, -0.0031
646.00, -0.0015
645.00, -0.0015
644.00, -0.0031
643.00, -0.0015
642.00, -0.0015
641.00, -0.0031
640.00, -0.0015
639.00, -0.0015
638.00, -0.0031
637.00, -0.0031
636.00, -0.0031
635.00, -0.0031
634.00, -0.0031
633.00, -0.0031
632.00, -0.0031
631.00, -0.0031
630.00, -0.0031
629.00, -0.0031
628.00, -0.0031
627.00, -0.0031
626.00, -0.0031
625.00, -0.0031
624.00, -0.0031
623.00, -0.0031
622.00, -0.0015
621.00, -0.0015
620.00, -0.0031
619.00, -0.0031
618.00, -0.0031
617.00, -0.0031
616.00, -0.0031
615.00, -0.0031
614.00, -0.0031
613.00, -0.0031
612.00, -0.0031
611.00, -0.0031
610.00, -0.0031
609.00, -0.0031
608.00, -0.0031
607.00, -0.0031
606.00, -0.0031
605.00, -0.0031
604.00, -0.0031
603.00, -0.0031
602.00, -0.0031
601.00, -0.0031
600.00, -0.0031
599.00, -0.0031
598.00, -0.0031
597.00, -0.0031
596.00, -0.0031
595.00, -0.0031
594.00, -0.0031
593.00, -0.0031
592.00, -0.0031
591.00, -0.0031
590.00, -0.0031
589.00, -0.0031
588.00, -0.0031
587.00, -0.0031
586.00, -0.0031
585.00, -0.0031
584.00, -0.0031
583.00, -0.0031
582.00, -0.0031
581.00, -0.0031
580.00, -0.0031
579.00, -0.0031
578.00, -0.0031
577.00, -0.0031
576.00, -0.0031
575.00, -0.0015
574.00, -0.0015
573.00, -0.0031
572.00, -0.0031
571.00, -0.0031
570.00, -0.0031
569.00, -0.0031
568.00, -0.0031
567.00, -0.0031
566.00, -0.0031
565.00, -0.0031
564.00, -0.0031
563.00, -0.0031
562.00, -0.0031
561.00, -0.0031
560.00, -0.0031
559.00, -0.0031
558.00, -0.0031
557.00, -0.0031
556.00, -0.0015
555.00, -0.0015
554.00, -0.0031
553.00, -0.0031
552.00, -0.0031
551.00, -0.0031
550.00, -0.0031
549.00, -0.0031
548.00, -0.0031
547.00, -0.0015
546.00, -0.0015
545.00, -0.0031
544.00, -0.0031
543.00, -0.0015
542.00, -0.0015
541.00, -0.0031
540.00, -0.0031
539.00, -0.0031
538.00, -0.0031
537.00, -0.0031
536.00, -0.0031
535.00, -0.0031
534.00, -0.0031
533.00, -0.0031
532.00, -0.0031
531.00, -0.0031
530.00, -0.0015
529.00, -0.0015
528.00, -0.0031
527.00, -0.0031
526.00, -0.0031
525.00, -0.0031
524.00, -0.0031
523.00, -0.0031
522.00, -0.0031
521.00, -0.0031
520.00, -0.0031
519.00, -0.0031
518.00, -0.0031
517.00, -0.0031
516.00, -0.0031
515.00, -0.0015
514.00, 0.0000
513.00, 0.0000
512.00, 0.0015
511.00, 0.0031
510.00, 0.0031
509.00, 0.0031
508.00, 0.0031
507.00, 0.0061
506.00, 0.0092
505.00, 0.0092
504.00, 0.0061
503.00, 0.0061
502.00, 0.0107
501.00, 0.0137
500.00, 0.0168
499.00, 0.0198
498.00, 0.0198
497.00, 0.0214
496.00, 0.0244
495.00, 0.0275
494.00, 0.0305
493.00, 0.0320
492.00, 0.0366
491.00, 0.0397
490.00, 0.0397
489.00, 0.0412
488.00, 0.0443
487.00, 0.0473
486.00, 0.0504
485.00, 0.0504
484.00, 0.0519
483.00, 0.0549
482.00, 0.0549
481.00, 0.0580
480.00, 0.0580
479.00, 0.0549
478.00, 0.0580
477.00, 0.0610
476.00, 0.0610
475.00, 0.0610
474.00, 0.0580
473.00, 0.0580
472.00, 0.0610
471.00, 0.0626
470.00, 0.0656
469.00, 0.0656
468.00, 0.0626
467.00, 0.0626
466.00, 0.0626
465.00, 0.0580
464.00, 0.0549
463.00, 0.0549
462.00, 0.0549
461.00, 0.0519
460.00, 0.0504
459.00, 0.0504
458.00, 0.0473
457.00, 0.0412
456.00, 0.0397
455.00, 0.0397
454.00, 0.0351
453.00, 0.0320
452.00, 0.0320
451.00, 0.0305
450.00, 0.0275
449.00, 0.0244
448.00, 0.0214
447.00, 0.0198
446.00, 0.0168
445.00, 0.0168
444.00, 0.0168
443.00, 0.0137
442.00, 0.0137
441.00, 0.0137
440.00, 0.0107
439.00, 0.0092
438.00, 0.0107
437.00, 0.0137
436.00, 0.0137
435.00, 0.0137
434.00, 0.0107
433.00, 0.0137
432.00, 0.0168
431.00, 0.0137
430.00, 0.0168
429.00, 0.0214
428.00, 0.0244
427.00, 0.0275
426.00, 0.0320
425.00, 0.0397
424.00, 0.0473
423.00, 0.0549
422.00, 0.0687
421.00, 0.0809
420.00, 0.0977
419.00, 0.1205
418.00, 0.1465
417.00, 0.1785
416.00, 0.2228
415.00, 0.2777
414.00, 0.3433
413.00, 0.4272
412.00, 0.5295
411.00, 0.6622
410.00, 0.8347
409.00, 1.045
408.00, 1.306
407.00, 1.630
406.00, 2.028
405.00, 2.524
404.00, 3.131
403.00, 3.868
402.00, 4.735
401.00, 5.740
400.00, 6.926
399.00, 8.318
398.00, 9.929
397.00, 11.75
396.00, 13.77
395.00, 15.98
394.00, 18.40
393.00, 21.02
392.00, 23.81
391.00, 26.70
390.00, 29.66
389.00, 32.68
388.00, 35.72
387.00, 38.80
386.00, 41.88
385.00, 44.92
384.00, 47.80
383.00, 50.47
382.00, 52.85
381.00, 54.89
380.00, 56.57
379.00, 57.91
378.00, 59.04
377.00, 60.08
376.00, 61.10
375.00, 62.14
374.00, 63.26
373.00, 64.41
372.00, 65.52
371.00, 66.43
370.00, 67.13
369.00, 67.63
368.00, 68.01
367.00, 68.46
366.00, 69.15
365.00, 69.98
364.00, 70.78
363.00, 71.49
362.00, 71.97
361.00, 72.11
360.00, 72.09
359.00, 71.85
358.00, 71.16
357.00, 70.45
356.00, 69.95
355.00, 69.42
354.00, 68.65
353.00, 67.51
352.00, 66.07
351.00, 64.42
350.00, 62.79
349.00, 61.33
348.00, 60.23
347.00, 59.39
346.00, 58.61
345.00, 57.78
344.00, 56.71
343.00, 55.42
342.00, 54.02
341.00, 52.54
340.00, 51.03
339.00, 49.57
338.00, 48.09
337.00, 46.50
336.00, 44.82
335.00, 43.07
334.00, 41.24
333.00, 39.30
332.00, 37.29
331.00, 35.19
330.00, 33.10
329.00, 31.12
328.00, 29.19
327.00, 27.23
326.00, 25.15
325.00, 22.96
324.00, 20.78
323.00, 18.73
322.00, 16.93
321.00, 15.33
320.00, 13.85
319.00, 12.38
318.00, 10.94
317.00, 9.550
316.00, 8.260
315.00, 7.086
314.00, 6.015
313.00, 5.058
312.00, 4.211
311.00, 3.482
310.00, 2.837
309.00, 2.260
308.00, 1.778
307.00, 1.382
306.00, 1.068
305.00, 0.7813
304.00, 0.5661
303.00, 0.4211
302.00, 0.2869
301.00, 0.1846
300.00, 0.1099
299.00, 0.0565
298.00, 0.0214
297.00, 0.0046
296.00, -0.0015
295.00, -0.0031
294.00, -0.0031
293.00, -0.0031
292.00, -0.0031
291.00, -0.0031
290.00, -0.0061
289.00, -0.0061
288.00, -0.0031
287.00, -0.0031
286.00, -0.0031
285.00, -0.0031
284.00, -0.0031
283.00, -0.0031
282.00, -0.0031
281.00, -0.0031
280.00, -0.0031
279.00, -0.0031
278.00, -0.0031
277.00, -0.0031
276.00, -0.0031
275.00, -0.0031
274.00, -0.0031
273.00, -0.0031
272.00, -0.0031
271.00, -0.0031
270.00, -0.0031
269.00, -0.0061
268.00, -0.0061
267.00, -0.0031
266.00, -0.0061
265.00, -0.0061
264.00, -0.0031
263.00, -0.0031
262.00, -0.0031
261.00, -0.0031
260.00, -0.0031
259.00, -0.0031
258.00, -0.0031
257.00, -0.0061
256.00, -0.0061
255.00, -0.0061
254.00, -0.0092
253.00, -0.0061
252.00, -0.0031
251.00, -0.0031
250.00, -0.0046
