13150.0 0.0014
13410.0 0.0014
13680.000000000002 0.0
13970.0 0.0
14180.0 0.0014
14400.0 0.0028
14620.0 0.007
14780.0 0.0252
14860.0 0.07
14930.000000000002 0.1807
15040.0 0.3529
15149.999999999998 0.4972
15280.0 0.6527
15390.0 0.7591
15460.0 0.8109
15510.0 0.8319
15560.0 0.8403
15650.0 0.8389
15720.0 0.8305
15770.0 0.8235
15830.0 0.8193
15920.0 0.8277
15970.0 0.8347
16020.0 0.8375
16130.0 0.8319
16190.0 0.8193
16279.999999999998 0.8081
16330.0 0.8053
16420.0 0.8095
16480.0 0.8165
16570.0 0.8263
16590.0 0.8305
16710.0 0.8375
16840.0 0.8431
17010.0 0.8501
17150.0 0.8529
17270.0 0.8543
17390.0 0.8529
17460.0 0.8445
17510.0 0.8305
17530.0 0.8151
17560.0 0.7927
17640.0 0.7255
17750.0 0.6275
17850.0 0.5084
17900.0 0.4258
17960.0 0.3291
18030.0 0.2101
18100.0 0.1275
18130.0 0.0882
18180.0 0.056
18280.0 0.0294
18350.0 0.0154
18500.0 0.007
18710.0 0.0028
18930.0 0.0014
19140.0 0.0
