10000.0 0.4303
9990.0 0.4272
9980.0 0.4303
9970.0 0.4272
9960.0 0.4242
9950.0 0.4257
9940.0 0.4227
9930.0 0.4257
9920.0 0.4272
9910.0 0.4227
9900.0 0.4181
9890.0 0.4211
9880.0 0.4227
9870.0 0.4227
9860.0 0.4242
9850.0 0.4257
9840.0 0.4196
9830.0 0.4211
9820.0 0.4227
9810.0 0.4166
9800.0 0.4166
9790.0 0.4181
9780.0 0.4196
9770.0 0.4227
9760.0 0.4181
9750.0 0.412
9740.0 0.4135
9730.0 0.415
9720.0 0.4105
9710.0 0.4074
9700.0 0.4105
9690.0 0.4135
9680.0 0.4089
9670.0 0.412
9660.0 0.415
9650.0 0.412
9640.0 0.4135
9630.0 0.4089
9620.0 0.4059
9610.0 0.4074
9600.0 0.4028
9590.0 0.3998
9580.0 0.4013
9570.0 0.3967
9560.0 0.4013
9550.0 0.4028
9540.0 0.3983
9530.0 0.4013
9520.0 0.4044
9510.0 0.3998
9500.0 0.386
9490.0 0.3891
9480.0 0.4013
9470.0 0.4044
9460.0 0.4074
9450.0 0.4028
9440.0 0.3983
9430.0 0.4013
9420.0 0.4044
9410.0 0.4074
9400.0 0.4013
9390.0 0.3967
9380.0 0.3998
9370.0 0.4044
9360.0 0.4074
9350.0 0.4105
9340.0 0.4044
9330.0 0.4074
9320.0 0.412
9310.0 0.415
9300.0 0.4196
9290.0 0.4135
9280.0 0.4181
9270.0 0.4227
9260.0 0.4272
9250.0 0.4318
9240.0 0.4364
9230.0 0.441
9220.0 0.4456
9210.0 0.4501
9200.0 0.4669
9190.0 0.4837
9180.0 0.4883
9170.0 0.5051
9160.0 0.5432
9150.0 0.5722
9140.0 0.5905
9130.0 0.621
9120.0 0.6622
9110.0 0.7172
9100.0 0.7858
9090.0 0.8545
9080.0 0.914
9070.0 1.012
9060.0 1.137
9050.0 1.263
9040.0 1.421
9030.0 1.619
9020.0 1.8630000000000002
9010.0 2.153
9000.0 2.513
8990.0 2.937
8980.0 3.448
8970.0 4.056
8960.0 4.796
8950.0 5.728
8940.0 6.86
8930.0 8.208
8920.0 9.862
8910.0 11.85
8900.0 14.21
8890.0 16.99
8880.0 20.25
8870.0 23.97
8860.0 28.11
8850.0 32.8
8840.0 37.75
8830.0 42.76
8820.0 47.99
8810.0 53.16
8800.0 57.93
8790.0 62.34
8780.0 66.28
8770.0 69.69
8760.0 72.58
8750.0 74.95
8740.0 76.95
8730.0 78.56
8720.0 79.8
8710.0 80.84
8700.0 81.69
8690.0 82.33
8680.0 82.95
8670.0 83.45
8660.0 83.79
8650.0 84.17
8640.0 84.54
8630.0 84.83
8620.0 85.16
8610.0 85.51
8600.0 85.85
8590.0 86.21
8580.0 86.5
8570.0 86.77
8560.0 87.12
8550.0 87.4
8540.0 87.64
8530.0 87.98
8520.0 88.24
8510.0 88.42
8500.0 88.7
8490.0 88.89
8480.0 89.07
8470.0 89.33
8460.0 89.51
8450.0 89.64
8440.0 89.8
8430.0 89.93
8420.0 90.05
8410.0 90.2
8400.0 90.28
8390.0 90.35
8380.0 90.5
8370.0 90.58
8360.0 90.65
8350.0 90.8
8340.0 90.9
8330.0 90.99
8320.0 91.1
8310.0 91.19
8300.0 91.45
8290.0 91.73
8280.0 91.8
8270.0 91.86
8260.0 91.95
8250.0 91.98
8240.0 92.02
8230.0 92.09
8220.0 92.12
8210.0 92.14
8200.0 92.18
8190.0 92.16
8180.0 92.1
8170.0 92.04
8160.0 92.02
8150.0 91.98
8140.0 91.88
8130.0 91.81
8120.0 91.77
8110.0 91.72
8100.0 91.69
8090.0 91.69
8080.0 91.63
8070.0 91.61
8060.0 91.65
8050.0 91.68
8040.0 91.73
8030.0 91.77
8020.0 91.83
8010.0 91.93
8000.0 92.04
7990.0 92.15
7980.0 92.29
7970.0 92.45
7960.0 92.57
7950.0 92.71
7940.0 92.84
7930.0 92.96
7920.0 93.1
7910.0 93.21
7900.0 93.32
7890.0 93.4
7880.0 93.46
7870.0 93.5
7860.0 93.49
7850.0 93.5
7840.0 93.49
7830.0 93.47
7820.0 93.46
7810.0 93.37
7800.0 93.32
7790.0 93.24
7780.0 93.12
7770.0 93.03
7760.0 92.94
7750.0 92.84
7740.0 92.74
7730.0 92.65
7720.0 92.51
7710.0 92.39
7700.0 92.27
7690.0 92.07
7680.0 91.92
7670.0 91.77
7660.0 91.55
7650.0 91.33
7640.0 91.06
7630.0 90.72
7620.0 90.39
7610.0 90.01
7600.0 89.55
7590.0 89.07
7580.0 88.53
7570.0 87.89
7560.0 87.21
7550.0 86.5
7540.0 85.66
7530.0 84.76
7520.0 83.82
7510.0 82.77
7500.0 81.65
7490.0 80.46
7480.0 79.19
7470.0 77.86
7460.0 76.44
7450.0 74.9
7440.0 73.3
7430.0 71.61
7420.0 69.82
7410.0 67.94
7400.0 65.94
7390.0 63.82
7380.0 61.61
7370.0 59.34
7360.0 56.91
7350.0 54.36
7340.0 51.77
7330.0 49.05
7320.0 46.23
7310.0 43.37
7300.0 40.41
7290.0 37.43
7280.0 34.46
7270.0 31.44
7260.0 28.46
7250.0 25.57
7240.0 22.72
7230.0 19.99
7220.0 17.41
7210.0 14.99
7200.0 12.74
7190.0 10.7
7180.0 8.835
7170.0 7.193
7160.0 5.775
7150.0 4.546
7140.0 3.511
7130.0 2.66
7120.0 1.962
7110.0 1.416
7100.0 0.9995
7090.0 0.6836
7080.0 0.4562
7070.0 0.293
7060.0 0.1801
7050.0 0.1068
7040.0 0.061
7030.0 0.032
7020.0 0.0153
7010.0 0.0061
7000.0 0.0031
6990.0 0.0015
6980.0 -0.0015
6970.0 -0.0015
6960.0 0.0
6950.0 0.0
6940.0 -0.0015
6930.0 -0.0031
6920.0 -0.0031
6910.0 -0.0015
6900.0 0.0
6890.0 0.0
6880.0 0.0
6870.0 -0.0015
6860.0 -0.0031
6850.0 -0.0031
6840.0 -0.0015
6830.0 0.0
6820.0 0.0
6810.0 0.0
6800.0 0.0
6790.0 0.0
6780.0 0.0
6770.0 0.0
6760.0 0.0
6750.0 0.0
6740.0 -0.0015
6730.0 -0.0015
6720.0 -0.0015
6710.0 -0.0015
6700.0 0.0
6690.0 0.0
6680.0 0.0
6670.0 0.0
6660.0 0.0
6650.0 0.0
6640.0 0.0
6630.0 0.0
6620.0 0.0
6610.0 0.0
6600.0 0.0
6590.0 -0.0015
6580.0 -0.0031
6570.0 -0.0015
6560.0 0.0
6550.0 0.0
6540.0 0.0
6530.0 0.0
6520.0 0.0
6510.0 0.0
6500.0 0.0
6490.0 0.0
6480.0 0.0
6470.0 0.0
6460.0 0.0
6450.0 0.0
6440.0 0.0
6430.0 0.0
6420.0 0.0
6410.0 0.0
6400.0 0.0
6390.0 0.0
6380.0 0.0
6370.0 0.0
6360.0 0.0
6350.0 -0.0015
6340.0 -0.0031
6330.0 -0.0015
6320.0 0.0
6310.0 0.0
6300.0 0.0
6290.0 0.0
6280.0 0.0
6270.0 0.0
6260.0 0.0
6250.0 0.0
6240.0 0.0
6230.0 0.0
6220.0 0.0
6210.0 0.0
6200.0 0.0
6190.0 0.0
6180.0 0.0
6170.0 0.0
6160.0 0.0
6150.0 0.0
6140.0 0.0
6130.0 0.0
6120.0 0.0
6110.0 0.0
6100.0 0.0
6090.0 0.0
6080.0 0.0
6070.0 0.0
6060.0 0.0
6050.0 0.0
6040.0 -0.0015
6030.0 -0.0015
6020.0 0.0
6010.0 0.0
6000.0 0.0
5990.0 0.0
5980.0 0.0
5970.0 -0.0015
5960.0 -0.0015
5950.0 0.0
5940.0 0.0
5930.0 0.0
5920.0 0.0
5910.0 0.0
5900.0 -0.0015
5890.0 -0.0015
5880.0 0.0
5870.0 0.0
5860.0 0.0
5850.0 0.0
5840.0 0.0
5830.0 0.0
5820.0 0.0
5810.0 0.0
5800.0 0.0
5790.0 0.0
5780.0 0.0
5770.0 0.0
5760.0 0.0
5750.0 0.0
5740.0 -0.0015
5730.0 -0.0015
5720.0 0.0
5710.0 0.0
5700.0 0.0
5690.0 0.0
5680.0 0.0
5670.0 -0.0015
5660.0 -0.0031
5650.0 -0.0015
5640.0 0.0
5630.0 0.0
5620.0 0.0
5610.0 -0.0015
5600.0 -0.0015
5590.0 0.0
5580.0 0.0
5570.0 0.0
5560.0 0.0
5550.0 0.0
5540.0 0.0
5530.0 -0.0015
5520.0 -0.0015
5510.0 -0.0015
5500.0 -0.0031
5490.0 -0.0015
5480.0 0.0
5470.0 -0.0015
5460.0 -0.0015
5450.0 0.0
5440.0 0.0
5430.0 -0.0015
5420.0 -0.0015
5410.0 0.0
5400.0 0.0
5390.0 0.0
5380.0 0.0
5370.0 0.0
5360.0 0.0
5350.0 0.0
5340.0 0.0
5330.0 -0.0015
5320.0 -0.0015
5310.0 0.0
5300.0 -0.0015
5290.0 -0.0015
5280.0 0.0
5270.0 -0.0015
5260.0 -0.0031
5250.0 -0.0015
5240.0 0.0
5230.0 0.0
5220.0 0.0
5210.0 -0.0015
5200.0 -0.0031
5190.0 -0.0031
5180.0 -0.0031
5170.0 -0.0015
5160.0 0.0
5150.0 0.0
5140.0 0.0
5130.0 0.0
5120.0 0.0
5110.0 0.0
5100.0 0.0
5090.0 0.0
5080.0 0.0
5070.0 0.0
5060.0 0.0
5050.0 -0.0015
5040.0 -0.0015
5030.0 0.0
5020.0 0.0
5010.0 0.0
5000.0 0.0
4990.0 0.0
4980.0 0.0
4970.0 0.0
4960.0 0.0
4950.0 0.0
4940.0 0.0
4930.0 -0.0015
4920.0 -0.0015
4910.0 0.0
4900.0 0.0
4890.0 0.0
4880.0 0.0
4870.0 -0.0015
4860.0 -0.0015
4850.0 0.0
4840.0 0.0
4830.0 0.0
4820.0 0.0
4810.0 0.0
4800.0 0.0
4790.0 0.0
4780.0 0.0
4770.0 0.0
4760.0 0.0
4750.0 0.0
4740.0 -0.0015
4730.0 -0.0015
4720.0 0.0
4710.0 0.0
4700.0 0.0
4690.0 0.0
4680.0 0.0
4670.0 0.0
4660.0 0.0
4650.0 0.0
4640.0 0.0
4630.0 0.0
4620.0 0.0
4610.0 0.0
4600.0 0.0
4590.0 0.0
4580.0 0.0
4570.0 0.0
4560.0 0.0
4550.0 0.0
4540.0 0.0
4530.0 0.0
4520.0 0.0
4510.0 0.0
4500.0 0.0
4490.0 0.0
4480.0 0.0
4470.0 0.0
4460.0 0.0
4450.0 -0.0015
4440.0 -0.0015
4430.0 -0.0015
4420.0 -0.0015
4410.0 0.0
4400.0 0.0
4390.0 0.0
4380.0 0.0
4370.0 0.0
4360.0 0.0
4350.0 0.0
4340.0 0.0
4330.0 0.0
4320.0 0.0
4310.0 0.0
4300.0 0.0
4290.0 0.0
4280.0 0.0
4270.0 0.0
4260.0 0.0
4250.0 0.0
4240.0 0.0
4230.0 0.0
4220.0 0.0
4210.0 -0.0015
4200.0 -0.0031
4190.0 -0.0015
4180.0 0.0
4170.0 0.0
4160.0 0.0
4150.0 0.0
4140.0 0.0
4130.0 0.0
4120.0 0.0
4110.0 0.0
4100.0 0.0
4090.0 0.0
4080.0 0.0
4070.0 0.0
4060.0 0.0
4050.0 0.0
4040.0 0.0
4030.0 0.0
4020.0 0.0
4010.0 0.0
4000.0 0.0
3990.0 0.0
3980.0 0.0
3970.0 0.0
3960.0 0.0
3950.0 0.0
3940.0 0.0
3930.0 0.0
3920.0 0.0
3910.0 0.0
3900.0 0.0
3890.0 0.0
3880.0 0.0
3870.0 0.0
3860.0 0.0
3850.0 0.0
3840.0 0.0
3830.0 0.0
3820.0 0.0
3810.0 0.0
3800.0 0.0
3790.0 0.0
3780.0 0.0
3770.0 0.0
3760.0 0.0
3750.0 0.0
3740.0 0.0
3730.0 0.0
3720.0 0.0
3710.0 0.0
3700.0 0.0
3690.0 0.0
3680.0 0.0
3670.0 0.0
3660.0 0.0
3650.0 0.0
3640.0 0.0
3630.0 0.0
3620.0 0.0
3610.0 0.0
3600.0 0.0
3590.0 -0.0015
3580.0 -0.0031
3570.0 -0.0031
3560.0 -0.0031
3550.0 -0.0015
3540.0 -0.0015
3530.0 -0.0031
3520.0 -0.0015
3510.0 -0.0015
3500.0 -0.0031
3490.0 -0.0015
3480.0 -0.0015
3470.0 -0.0015
3460.0 0.0
3450.0 -0.0015
3440.0 -0.0031
3430.0 -0.0031
3420.0 -0.0031
3410.0 -0.0015
3400.0 -0.0015
3390.0 -0.0015
3380.0 -0.0015
3370.0 -0.0015
3360.0 -0.0015
3350.0 -0.0031
3340.0 -0.0015
3330.0 -0.0015
3320.0 -0.0015
3310.0 -0.0015
3300.0 -0.0015
3290.0 0.0
3280.0 0.0
3270.0 -0.0015
3260.0 -0.0031
3250.0 -0.0015
3240.0 -0.0015
3230.0 -0.0031
3220.0 -0.0031
3210.0 -0.0031
3200.0 -0.0015
3190.0 -0.0015
3180.0 -0.0031
3170.0 -0.0015
3160.0 -0.0015
3150.0 -0.0031
3140.0 -0.0015
3130.0 -0.0015
3120.0 -0.0015
3110.0 -0.0015
3100.0 -0.0031
3090.0 -0.0031
3080.0 -0.0031
3070.0 -0.0031
3060.0 -0.0031
3050.0 -0.0015
3040.0 -0.0015
3030.0 -0.0031
3020.0 -0.0015
3010.0 0.0
3000.0 -0.0015
2990.0 -0.0015
2980.0 0.0
2970.0 0.0
2960.0 -0.0015
2950.0 -0.0015
2940.0 0.0
2930.0 0.0
2920.0 0.0
2910.0 0.0
2900.0 -0.0015
2890.0 -0.0031
2880.0 -0.0031
2870.0 -0.0031
2860.0 -0.0031
2850.0 -0.0031
2840.0 -0.0031
2830.0 -0.0015
2820.0 -0.0015
2810.0 -0.0015
2800.0 0.0
2790.0 -0.0015
2780.0 -0.0015
2770.0 0.0
2760.0 0.0
2750.0 -0.0015
2740.0 -0.0031
2730.0 -0.0015
2720.0 0.0
2710.0 -0.0015
2700.0 -0.0031
2690.0 -0.0031
2680.0 -0.0031
2670.0 -0.0015
2660.0 0.0
2650.0 0.0
2640.0 0.0
2630.0 0.0
2620.0 -0.0015
2610.0 -0.0015
2600.0 0.0
2590.0 0.0
2580.0 -0.0015
2570.0 -0.0015
2560.0 0.0
2550.0 0.0
2540.0 -0.0015
2530.0 -0.0031
2520.0 -0.0015
2510.0 0.0
2500.0 0.0
