10000.0 -0.0107
9990.0 -0.0107
9980.0 0.0
9970.0 0.0
9960.0 0.0
9950.0 0.0
9940.0 -0.0107
9930.0 -0.0107
9920.0 0.0
9910.0 0.0
9900.0 0.0
9890.0 0.0
9880.0 0.0
9870.0 0.0
9860.0 -0.0122
9850.0 0.0
9840.0 0.0107
9830.0 0.0107
9820.0 0.0107
9810.0 0.0
9800.0 -0.0122
9790.0 0.0
9780.0 0.0107
9770.0 0.0
9760.0 0.0
9750.0 0.0
9740.0 0.0
9730.0 0.0
9720.0 0.0
9710.0 0.0
9700.0 0.0
9690.0 0.0
9680.0 -0.0122
9670.0 -0.0122
9660.0 0.0
9650.0 -0.0122
9640.0 -0.0259
9630.0 -0.0259
9620.0 -0.0137
9610.0 0.0
9600.0 0.0
9590.0 0.0
9580.0 0.0
9570.0 -0.0137
9560.0 0.0
9550.0 0.0137
9540.0 0.0
9530.0 0.0
9520.0 -0.0137
9510.0 -0.0137
9500.0 0.0
9490.0 -0.0153
9480.0 -0.029
9470.0 0.0
9460.0 0.0137
9450.0 0.0
9440.0 0.0
9430.0 0.0
9420.0 -0.0153
9410.0 0.0
9400.0 0.0153
9390.0 0.0
9380.0 0.0
9370.0 0.0
9360.0 0.0
9350.0 -0.0168
9340.0 -0.0168
9330.0 0.0168
9320.0 0.0168
9310.0 -0.0168
9300.0 -0.0168
9290.0 0.0168
9280.0 0.0
9270.0 -0.0183
9260.0 0.0
9250.0 -0.0183
9240.0 -0.0183
9230.0 0.0
9220.0 0.0
9210.0 0.0
9200.0 0.0
9190.0 0.0
9180.0 -0.0198
9170.0 -0.0198
9160.0 0.0
9150.0 -0.0214
9140.0 -0.0412
9130.0 -0.0214
9120.0 -0.0214
9110.0 -0.0214
9100.0 0.0
9090.0 0.0
9080.0 -0.0122
9070.0 -0.0061
9060.0 -0.0061
9050.0 -0.0168
9040.0 -0.0107
9030.0 -0.0107
9020.0 -0.0061
9010.0 -0.0061
9000.0 0.0198
8990.0 0.0381
8980.0 0.0183
8970.0 0.0122
8960.0 0.0
8950.0 0.0
8940.0 0.0061
8930.0 0.0137
8920.0 0.0137
8910.0 0.0214
8900.0 0.0214
8890.0 -0.0153
8880.0 -0.0153
8870.0 0.0
8860.0 0.0
8850.0 -0.0076
8840.0 0.0
8830.0 0.0153
8820.0 0.0153
8810.0 0.0
8800.0 -0.0168
8790.0 0.0
8780.0 0.0
8770.0 -0.0092
8760.0 0.0
8750.0 -0.0092
8740.0 -0.0092
8730.0 0.0
8720.0 0.0
8710.0 0.0092
8700.0 0.0092
8690.0 -0.0214
8680.0 -0.0214
8670.0 0.0107
8660.0 0.0214
8650.0 0.0107
8640.0 0.0107
8630.0 -0.0122
8620.0 -0.0107
8610.0 0.0229
8600.0 0.0107
8590.0 0.0
8580.0 0.0
8570.0 0.0
8560.0 -0.0122
8550.0 0.0
8540.0 0.0
8530.0 0.0
8520.0 0.0
8510.0 -0.0137
8500.0 0.0
8490.0 0.0122
8480.0 -0.0015
8470.0 0.0
8460.0 0.0275
8450.0 0.0275
8440.0 0.0275
8430.0 0.0275
8420.0 0.029
8410.0 0.0
8400.0 0.029
8390.0 0.0443
8380.0 0.0153
8370.0 0.0
8360.0 -0.0153
8350.0 -0.032
8340.0 -0.0168
8330.0 0.0305
8320.0 0.0153
8310.0 0.0
8300.0 -0.0015
8290.0 -0.0031
8280.0 -0.0015
8270.0 -0.0015
8260.0 -0.0015
8250.0 0.0
8240.0 0.0
8230.0 0.0015
8220.0 0.0031
8210.0 0.0031
8200.0 0.0061
8190.0 0.0092
8180.0 0.0092
8170.0 0.0061
8160.0 0.0015
8150.0 0.0
8140.0 0.0
8130.0 0.0
8120.0 -0.0015
8110.0 -0.0031
8100.0 -0.0031
8090.0 -0.0031
8080.0 -0.0031
8070.0 -0.0031
8060.0 -0.0031
8050.0 -0.0061
8040.0 -0.0061
8030.0 -0.0031
8020.0 -0.0031
8010.0 -0.0031
8000.0 -0.0031
7990.0 -0.0031
7980.0 -0.0031
7970.0 -0.0031
7960.0 -0.0031
7950.0 -0.0031
7940.0 -0.0031
7930.0 -0.0031
7920.0 -0.0031
7910.0 -0.0031
7900.0 -0.0031
7890.0 -0.0031
7880.0 -0.0031
7870.0 -0.0031
7860.0 -0.0031
7850.0 -0.0031
7840.0 -0.0031
7830.0 -0.0031
7820.0 -0.0061
7810.0 -0.0061
7800.0 -0.0031
7790.0 -0.0031
7780.0 -0.0031
7770.0 -0.0031
7760.0 -0.0031
7750.0 -0.0031
7740.0 -0.0031
7730.0 -0.0031
7720.0 -0.0031
7710.0 -0.0031
7700.0 -0.0031
7690.0 -0.0061
7680.0 -0.0061
7670.0 -0.0031
7660.0 -0.0031
7650.0 -0.0061
7640.0 -0.0061
7630.0 -0.0031
7620.0 -0.0061
7610.0 -0.0061
7600.0 -0.0031
7590.0 -0.0015
7580.0 -0.0046
7570.0 -0.0061
7560.0 -0.0061
7550.0 -0.0061
7540.0 -0.0061
7530.0 -0.0061
7520.0 -0.0031
7510.0 -0.0031
7500.0 -0.0031
7490.0 -0.0031
7480.0 -0.0031
7470.0 -0.0031
7460.0 -0.0031
7450.0 -0.0031
7440.0 -0.0031
7430.0 -0.0061
7420.0 -0.0061
7410.0 -0.0031
7400.0 -0.0031
7390.0 -0.0031
7380.0 -0.0031
7370.0 -0.0031
7360.0 -0.0031
7350.0 -0.0031
7340.0 -0.0031
7330.0 -0.0031
7320.0 -0.0031
7310.0 -0.0031
7300.0 -0.0031
7290.0 -0.0031
7280.0 -0.0031
7270.0 -0.0031
7260.0 -0.0031
7250.0 -0.0031
7240.0 -0.0031
7230.0 -0.0031
7220.0 -0.0031
7210.0 -0.0031
7200.0 -0.0031
7190.0 -0.0031
7180.0 -0.0031
7170.0 -0.0031
7160.0 -0.0031
7150.0 -0.0061
7140.0 -0.0061
7130.0 -0.0031
7120.0 -0.0031
7110.0 -0.0031
7100.0 -0.0031
7090.0 -0.0031
7080.0 -0.0015
7070.0 -0.0015
7060.0 -0.0031
7050.0 -0.0031
7040.0 -0.0031
7030.0 -0.0031
7020.0 -0.0031
7010.0 -0.0031
7000.0 -0.0031
6990.0 -0.0031
6980.0 -0.0031
6970.0 -0.0031
6960.0 -0.0031
6950.0 -0.0031
6940.0 -0.0031
6930.0 -0.0031
6920.0 -0.0031
6910.0 -0.0031
6900.0 -0.0031
6890.0 -0.0031
6880.0 -0.0031
6870.0 -0.0031
6860.0 -0.0031
6850.0 -0.0031
6840.0 0.0
6830.0 -0.0061
6820.0 -0.0076
6810.0 -0.0015
6800.0 -0.0061
6790.0 -0.0061
6780.0 -0.0031
6770.0 -0.0031
6760.0 -0.0031
6750.0 -0.0061
6740.0 -0.0061
6730.0 -0.0031
6720.0 -0.0031
6710.0 -0.0031
6700.0 -0.0031
6690.0 -0.0031
6680.0 -0.0031
6670.0 -0.0061
6660.0 -0.0061
6650.0 -0.0031
6640.0 -0.0015
6630.0 -0.0015
6620.0 -0.0031
6610.0 -0.0031
6600.0 -0.0031
6590.0 -0.0031
6580.0 -0.0031
6570.0 -0.0031
6560.0 -0.0031
6550.0 -0.0031
6540.0 -0.0031
6530.0 -0.0031
6520.0 -0.0031
6510.0 -0.0031
6500.0 -0.0031
6490.0 -0.0031
6480.0 -0.0031
6470.0 -0.0031
6460.0 -0.0015
6450.0 -0.0015
6440.0 -0.0031
6430.0 -0.0015
6420.0 -0.0015
6410.0 -0.0031
6400.0 -0.0015
6390.0 -0.0015
6380.0 -0.0031
6370.0 -0.0031
6360.0 -0.0031
6350.0 -0.0031
6340.0 -0.0031
6330.0 -0.0031
6320.0 -0.0031
6310.0 -0.0031
6300.0 -0.0031
6290.0 -0.0031
6280.0 -0.0031
6270.0 -0.0031
6260.0 -0.0031
6250.0 -0.0031
6240.0 -0.0031
6230.0 -0.0031
6220.0 -0.0015
6210.0 -0.0015
6200.0 -0.0031
6190.0 -0.0031
6180.0 -0.0031
6170.0 -0.0031
6160.0 -0.0031
6150.0 -0.0031
6140.0 -0.0031
6130.0 -0.0031
6120.0 -0.0031
6110.0 -0.0031
6100.0 -0.0031
6090.0 -0.0031
6080.0 -0.0031
6070.0 -0.0031
6060.0 -0.0031
6050.0 -0.0031
6040.0 -0.0031
6030.0 -0.0031
6020.0 -0.0031
6010.0 -0.0031
6000.0 -0.0031
5990.0 -0.0031
5980.0 -0.0031
5970.0 -0.0031
5960.0 -0.0031
5950.0 -0.0031
5940.0 -0.0031
5930.0 -0.0031
5920.0 -0.0031
5910.0 -0.0031
5900.0 -0.0031
5890.0 -0.0031
5880.0 -0.0031
5870.0 -0.0031
5860.0 -0.0031
5850.0 -0.0031
5840.0 -0.0031
5830.0 -0.0031
5820.0 -0.0031
5810.0 -0.0031
5800.0 -0.0031
5790.0 -0.0031
5780.0 -0.0031
5770.0 -0.0031
5760.0 -0.0031
5750.0 -0.0015
5740.0 -0.0015
5730.0 -0.0031
5720.0 -0.0031
5710.0 -0.0031
5700.0 -0.0031
5690.0 -0.0031
5680.0 -0.0031
5670.0 -0.0031
5660.0 -0.0031
5650.0 -0.0031
5640.0 -0.0031
5630.0 -0.0031
5620.0 -0.0031
5610.0 -0.0031
5600.0 -0.0031
5590.0 -0.0031
5580.0 -0.0031
5570.0 -0.0031
5560.0 -0.0015
5550.0 -0.0015
5540.0 -0.0031
5530.0 -0.0031
5520.0 -0.0031
5510.0 -0.0031
5500.0 -0.0031
5490.0 -0.0031
5480.0 -0.0031
5470.0 -0.0015
5460.0 -0.0015
5450.0 -0.0031
5440.0 -0.0031
5430.0 -0.0015
5420.0 -0.0015
5410.0 -0.0031
5400.0 -0.0031
5390.0 -0.0031
5380.0 -0.0031
5370.0 -0.0031
5360.0 -0.0031
5350.0 -0.0031
5340.0 -0.0031
5330.0 -0.0031
5320.0 -0.0031
5310.0 -0.0031
5300.0 -0.0015
5290.0 -0.0015
5280.0 -0.0031
5270.0 -0.0031
5260.0 -0.0031
5250.0 -0.0031
5240.0 -0.0031
5230.0 -0.0031
5220.0 -0.0031
5210.0 -0.0031
5200.0 -0.0031
5190.0 -0.0031
5180.0 -0.0031
5170.0 -0.0031
5160.0 -0.0031
5150.0 -0.0015
5140.0 0.0
5130.0 0.0
5120.0 0.0015
5110.0 0.0031
5100.0 0.0031
5090.0 0.0031
5080.0 0.0031
5070.0 0.0061
5060.0 0.0092
5050.0 0.0092
5040.0 0.0061
5030.0 0.0061
5020.0 0.0107
5010.0 0.0137
5000.0 0.0168
4990.0 0.0198
4980.0 0.0198
4970.0 0.0214
4960.0 0.0244
4950.0 0.0275
4940.0 0.0305
4930.0 0.032
4920.0 0.0366
4910.0 0.0397
4900.0 0.0397
4890.0 0.0412
4880.0 0.0443
4870.0 0.0473
4860.0 0.0504
4850.0 0.0504
4840.0 0.0519
4830.0 0.0549
4820.0 0.0549
4810.0 0.058
4800.0 0.058
4790.0 0.0549
4780.0 0.058
4770.0 0.061
4760.0 0.061
4750.0 0.061
4740.0 0.058
4730.0 0.058
4720.0 0.061
4710.0 0.0626
4700.0 0.0656
4690.0 0.0656
4680.0 0.0626
4670.0 0.0626
4660.0 0.0626
4650.0 0.058
4640.0 0.0549
4630.0 0.0549
4620.0 0.0549
4610.0 0.0519
4600.0 0.0504
4590.0 0.0504
4580.0 0.0473
4570.0 0.0412
4560.0 0.0397
4550.0 0.0397
4540.0 0.0351
4530.0 0.032
4520.0 0.032
4510.0 0.0305
4500.0 0.0275
4490.0 0.0244
4480.0 0.0214
4470.0 0.0198
4460.0 0.0168
4450.0 0.0168
4440.0 0.0168
4430.0 0.0137
4420.0 0.0137
4410.0 0.0137
4400.0 0.0107
4390.0 0.0092
4380.0 0.0107
4370.0 0.0137
4360.0 0.0137
4350.0 0.0137
4340.0 0.0107
4330.0 0.0137
4320.0 0.0168
4310.0 0.0137
4300.0 0.0168
4290.0 0.0214
4280.0 0.0244
4270.0 0.0275
4260.0 0.032
4250.0 0.0397
4240.0 0.0473
4230.0 0.0549
4220.0 0.0687
4210.0 0.0809
4200.0 0.0977
4190.0 0.1205
4180.0 0.1465
4170.0 0.1785
4160.0 0.2228
4150.0 0.2777
4140.0 0.3433
4130.0 0.4272
4120.0 0.5295
4110.0 0.6622
4100.0 0.8347
4090.0 1.045
4080.0 1.306
4070.0 1.63
4060.0 2.028
4050.0 2.524
4040.0 3.1310000000000002
4030.0 3.8680000000000003
4020.0 4.735
4010.0 5.74
4000.0 6.926
3990.0 8.318
3980.0 9.929
3970.0 11.75
3960.0 13.77
3950.0 15.98
3940.0 18.4
3930.0 21.02
3920.0 23.81
3910.0 26.7
3900.0 29.66
3890.0 32.68
3880.0 35.72
3870.0 38.8
3860.0 41.88
3850.0 44.92
3840.0 47.8
3830.0 50.47
3820.0 52.85
3810.0 54.89
3800.0 56.57
3790.0 57.91
3780.0 59.04
3770.0 60.08
3760.0 61.1
3750.0 62.14
3740.0 63.26
3730.0 64.41
3720.0 65.52
3710.0 66.43
3700.0 67.13
3690.0 67.63
3680.0 68.01
3670.0 68.46
3660.0 69.15
3650.0 69.98
3640.0 70.78
3630.0 71.49
3620.0 71.97
3610.0 72.11
3600.0 72.09
3590.0 71.85
3580.0 71.16
3570.0 70.45
3560.0 69.95
3550.0 69.42
3540.0 68.65
3530.0 67.51
3520.0 66.07
3510.0 64.42
3500.0 62.79
3490.0 61.33
3480.0 60.23
3470.0 59.39
3460.0 58.61
3450.0 57.78
3440.0 56.71
3430.0 55.42
3420.0 54.02
3410.0 52.54
3400.0 51.03
3390.0 49.57
3380.0 48.09
3370.0 46.5
3360.0 44.82
3350.0 43.07
3340.0 41.24
3330.0 39.3
3320.0 37.29
3310.0 35.19
3300.0 33.1
3290.0 31.12
3280.0 29.19
3270.0 27.23
3260.0 25.15
3250.0 22.96
3240.0 20.78
3230.0 18.73
3220.0 16.93
3210.0 15.33
3200.0 13.85
3190.0 12.38
3180.0 10.94
3170.0 9.55
3160.0 8.26
3150.0 7.086
3140.0 6.015
3130.0 5.058
3120.0 4.211
3110.0 3.4819999999999998
3100.0 2.8369999999999997
3090.0 2.26
3080.0 1.778
3070.0 1.382
3060.0 1.068
3050.0 0.7813
3040.0 0.5661
3030.0 0.4211
3020.0 0.2869
3010.0 0.1846
3000.0 0.1099
2990.0 0.0565
2980.0 0.0214
2970.0 0.0046
2960.0 -0.0015
2950.0 -0.0031
2940.0 -0.0031
2930.0 -0.0031
2920.0 -0.0031
2910.0 -0.0031
2900.0 -0.0061
2890.0 -0.0061
2880.0 -0.0031
2870.0 -0.0031
2860.0 -0.0031
2850.0 -0.0031
2840.0 -0.0031
2830.0 -0.0031
2820.0 -0.0031
2810.0 -0.0031
2800.0 -0.0031
2790.0 -0.0031
2780.0 -0.0031
2770.0 -0.0031
2760.0 -0.0031
2750.0 -0.0031
2740.0 -0.0031
2730.0 -0.0031
2720.0 -0.0031
2710.0 -0.0031
2700.0 -0.0031
2690.0 -0.0061
2680.0 -0.0061
2670.0 -0.0031
2660.0 -0.0061
2650.0 -0.0061
2640.0 -0.0031
2630.0 -0.0031
2620.0 -0.0031
2610.0 -0.0031
2600.0 -0.0031
2590.0 -0.0031
2580.0 -0.0031
2570.0 -0.0061
2560.0 -0.0061
2550.0 -0.0061
2540.0 -0.0092
2530.0 -0.0061
2520.0 -0.0031
2510.0 -0.0031
2500.0 -0.0046
