10000.0 0.2121
9990.0 0.2197
9980.0 0.2213
9970.0 0.2228
9960.0 0.2304
9950.0 0.2258
9940.0 0.2197
9930.0 0.2289
9920.0 0.2304
9910.0 0.2243
9900.0 0.2258
9890.0 0.2274
9880.0 0.2213
9870.0 0.2213
9860.0 0.235
9850.0 0.2365
9840.0 0.2304
9830.0 0.2304
9820.0 0.2304
9810.0 0.2319
9800.0 0.2319
9790.0 0.2335
9780.0 0.2335
9770.0 0.235
9760.0 0.2365
9750.0 0.2304
9740.0 0.2243
9730.0 0.2258
9720.0 0.2274
9710.0 0.2289
9700.0 0.2304
9690.0 0.2258
9680.0 0.2197
9670.0 0.2213
9660.0 0.2228
9650.0 0.2243
9640.0 0.2258
9630.0 0.2274
9620.0 0.2289
9610.0 0.2243
9600.0 0.2182
9590.0 0.2197
9580.0 0.2213
9570.0 0.2228
9560.0 0.2167
9550.0 0.2182
9540.0 0.2274
9530.0 0.2213
9520.0 0.2151
9510.0 0.2167
9500.0 0.2182
9490.0 0.2197
9480.0 0.2136
9470.0 0.2075
9460.0 0.2182
9450.0 0.2197
9440.0 0.2213
9430.0 0.2228
9420.0 0.2151
9410.0 0.2167
9400.0 0.2182
9390.0 0.2121
9380.0 0.206
9370.0 0.2075
9360.0 0.209
9350.0 0.2106
9340.0 0.2136
9330.0 0.206
9320.0 0.1984
9310.0 0.2106
9300.0 0.2213
9290.0 0.2136
9280.0 0.2167
9270.0 0.2182
9260.0 0.2106
9250.0 0.2029
9240.0 0.206
9230.0 0.2075
9220.0 0.1999
9210.0 0.2029
9200.0 0.2045
9190.0 0.2075
9180.0 0.2106
9170.0 0.2014
9160.0 0.2045
9150.0 0.2167
9140.0 0.209
9130.0 0.2014
9120.0 0.2029
9110.0 0.2045
9100.0 0.1953
9090.0 0.1877
9080.0 0.1892
9070.0 0.1923
9060.0 0.1938
9050.0 0.1968
9040.0 0.1999
9030.0 0.2014
9020.0 0.2045
9010.0 0.1953
9000.0 0.1984
8990.0 0.2151
8980.0 0.2029
8970.0 0.1923
8960.0 0.1953
8950.0 0.1984
8940.0 0.2014
8930.0 0.2045
8920.0 0.1923
8910.0 0.1801
8900.0 0.1816
8890.0 0.1846
8880.0 0.1877
8870.0 0.1907
8860.0 0.1938
8850.0 0.1968
8840.0 0.1999
8830.0 0.2029
8820.0 0.1877
8810.0 0.1907
8800.0 0.2121
8790.0 0.1968
8780.0 0.1816
8770.0 0.1846
8760.0 0.1877
8750.0 0.1892
8740.0 0.1923
8730.0 0.1953
8720.0 0.1984
8710.0 0.1816
8700.0 0.1633
8690.0 0.1862
8680.0 0.1892
8670.0 0.1694
8660.0 0.1724
8650.0 0.1755
8640.0 0.177
8630.0 0.1801
8620.0 0.1816
8610.0 0.1892
8600.0 0.1846
8590.0 0.1801
8580.0 0.1892
8570.0 0.1846
8560.0 0.174
8550.0 0.1831
8540.0 0.1907
8530.0 0.1862
8520.0 0.1877
8510.0 0.177
8500.0 0.1724
8490.0 0.174
8480.0 0.177
8470.0 0.1785
8460.0 0.1663
8450.0 0.1678
8440.0 0.1755
8430.0 0.1846
8420.0 0.1801
8410.0 0.174
8400.0 0.1816
8390.0 0.177
8380.0 0.1785
8370.0 0.1801
8360.0 0.174
8350.0 0.1831
8340.0 0.1907
8330.0 0.177
8320.0 0.1694
8310.0 0.1785
8300.0 0.09
8290.0 0.0
8280.0 0.0
8270.0 0.0
8260.0 0.0
8250.0 0.0
8240.0 0.0
8230.0 0.0
8220.0 0.0
8210.0 0.0015
8200.0 0.0031
8190.0 0.0046
8180.0 0.0092
8170.0 0.0122
8160.0 0.0122
8150.0 0.0092
8140.0 0.0046
8130.0 0.0031
8120.0 0.0031
8110.0 0.0015
8100.0 0.0
8090.0 0.0
8080.0 0.0
8070.0 0.0
8060.0 0.0
8050.0 0.0
8040.0 0.0
8030.0 0.0
8020.0 0.0
8010.0 0.0
8000.0 0.0
7990.0 0.0
7980.0 0.0
7970.0 0.0
7960.0 0.0
7950.0 -0.0015
7940.0 -0.0015
7930.0 0.0
7920.0 0.0
7910.0 0.0
7900.0 0.0
7890.0 0.0
7880.0 0.0
7870.0 0.0
7860.0 0.0
7850.0 0.0
7840.0 0.0
7830.0 0.0
7820.0 0.0
7810.0 0.0
7800.0 0.0
7790.0 0.0
7780.0 0.0
7770.0 0.0
7760.0 0.0
7750.0 0.0
7740.0 0.0
7730.0 0.0
7720.0 0.0
7710.0 0.0
7700.0 0.0
7690.0 0.0
7680.0 0.0
7670.0 0.0
7660.0 0.0
7650.0 0.0
7640.0 0.0
7630.0 0.0
7620.0 0.0
7610.0 0.0
7600.0 0.0
7590.0 0.0
7580.0 0.0
7570.0 0.0
7560.0 0.0
7550.0 0.0
7540.0 0.0
7530.0 0.0
7520.0 0.0
7510.0 0.0
7500.0 0.0
7490.0 0.0
7480.0 0.0015
7470.0 0.0031
7460.0 0.0031
7450.0 0.0031
7440.0 0.0061
7430.0 0.0092
7420.0 0.0061
7410.0 0.0031
7400.0 0.0031
7390.0 0.0031
7380.0 0.0015
7370.0 0.0015
7360.0 0.0015
7350.0 0.0015
7340.0 0.0015
7330.0 0.0
7320.0 0.0015
7310.0 0.0015
7300.0 0.0
7290.0 0.0
7280.0 0.0
7270.0 0.0015
7260.0 0.0031
7250.0 0.0015
7240.0 0.0
7230.0 0.0
7220.0 0.0
7210.0 0.0015
7200.0 0.0031
7190.0 0.0031
7180.0 0.0031
7170.0 0.0031
7160.0 0.0031
7150.0 0.0031
7140.0 0.0031
7130.0 0.0031
7120.0 0.0031
7110.0 0.0031
7100.0 0.0031
7090.0 0.0031
7080.0 0.0031
7070.0 0.0031
7060.0 0.0031
7050.0 0.0031
7040.0 0.0031
7030.0 0.0031
7020.0 0.0031
7010.0 0.0031
7000.0 0.0015
6990.0 0.0015
6980.0 0.0031
6970.0 0.0031
6960.0 0.0031
6950.0 0.0031
6940.0 0.0031
6930.0 0.0031
6920.0 0.0031
6910.0 0.0031
6900.0 0.0031
6890.0 0.0031
6880.0 0.0031
6870.0 0.0031
6860.0 0.0031
6850.0 0.0031
6840.0 0.0031
6830.0 0.0061
6820.0 0.0061
6810.0 0.0031
6800.0 0.0031
6790.0 0.0031
6780.0 0.0031
6770.0 0.0031
6760.0 0.0031
6750.0 0.0031
6740.0 0.0031
6730.0 0.0031
6720.0 0.0031
6710.0 0.0031
6700.0 0.0031
6690.0 0.0031
6680.0 0.0031
6670.0 0.0061
6660.0 0.0092
6650.0 0.0061
6640.0 0.0061
6630.0 0.0092
6620.0 0.0076
6610.0 0.0076
6600.0 0.0076
6590.0 0.0107
6580.0 0.0137
6570.0 0.0137
6560.0 0.0153
6550.0 0.0168
6540.0 0.0198
6530.0 0.0198
6520.0 0.0198
6510.0 0.0244
6500.0 0.0275
6490.0 0.0275
6480.0 0.029
6470.0 0.032
6460.0 0.032
6450.0 0.0336
6440.0 0.0366
6430.0 0.0397
6420.0 0.0443
6410.0 0.0488
6400.0 0.0519
6390.0 0.0534
6380.0 0.061
6370.0 0.0687
6360.0 0.0763
6350.0 0.0854
6340.0 0.0961
6330.0 0.1053
6320.0 0.1175
6310.0 0.1343
6300.0 0.1541
6290.0 0.1755
6280.0 0.2029
6270.0 0.235
6260.0 0.2731
6250.0 0.3189
6240.0 0.3708
6230.0 0.4303
6220.0 0.5051
6210.0 0.5966
6200.0 0.7034
6190.0 0.827
6180.0 0.9735
6170.0 1.1540000000000001
6160.0 1.375
6150.0 1.646
6140.0 1.982
6130.0 2.396
6120.0 2.9189999999999996
6110.0 3.58
6100.0 4.407
6090.0 5.4670000000000005
6080.0 6.827999999999999
6070.0 8.533
6060.0 10.69
6050.0 13.42
6040.0 16.79
6030.0 20.93
6020.0 25.89
6010.0 31.6
6000.0 38.04
5990.0 45.04
5980.0 52.21
5970.0 59.24
5960.0 65.84
5950.0 71.66
5940.0 76.51
5930.0 80.45
5920.0 83.5
5910.0 85.79
5900.0 87.46
5890.0 88.61
5880.0 89.4
5870.0 89.92
5860.0 90.31
5850.0 90.69
5840.0 91.0
5830.0 91.29
5820.0 91.67
5810.0 92.06
5800.0 92.41
5790.0 92.83
5780.0 93.21
5770.0 93.44
5760.0 93.57
5750.0 93.61
5740.0 93.5
5730.0 93.31
5720.0 93.07
5710.0 92.81
5700.0 92.6
5690.0 92.46
5680.0 92.46
5670.0 92.58
5660.0 92.82
5650.0 93.18
5640.0 93.57
5630.0 93.96
5620.0 94.29
5610.0 94.56
5600.0 94.79
5590.0 94.87
5580.0 94.89
5570.0 94.88
5560.0 94.78
5550.0 94.74
5540.0 94.71
5530.0 94.61
5520.0 94.58
5510.0 94.53
5500.0 94.38
5490.0 94.24
5480.0 94.06
5470.0 93.8
5460.0 93.56
5450.0 93.33
5440.0 93.08
5430.0 92.88
5420.0 92.75
5410.0 92.67
5400.0 92.58
5390.0 92.49
5380.0 92.31
5370.0 92.0
5360.0 91.6
5350.0 91.05
5340.0 90.4
5330.0 89.74
5320.0 89.04
5310.0 88.41
5300.0 87.85
5290.0 87.39
5280.0 87.12
5270.0 86.9
5260.0 86.72
5250.0 86.59
5240.0 86.44
5230.0 86.25
5220.0 86.03
5210.0 85.74
5200.0 85.38
5190.0 84.97
5180.0 84.41
5170.0 83.68
5160.0 82.74
5150.0 81.55
5140.0 80.14
5130.0 78.53
5120.0 76.76
5110.0 75.0
5100.0 73.33
5090.0 71.78
5080.0 70.44
5070.0 69.23
5060.0 68.03
5050.0 66.79
5040.0 65.3
5030.0 63.4
5020.0 61.09
5010.0 58.33
5000.0 55.2
4990.0 51.89
4980.0 48.49
4970.0 45.09
4960.0 41.81
4950.0 38.6
4940.0 35.4
4930.0 32.21
4920.0 28.92
4910.0 25.48
4900.0 21.98
4890.0 18.5
4880.0 15.1
4870.0 11.98
4860.0 9.198
4850.0 6.772
4840.0 4.784
4830.0 3.2319999999999998
4820.0 2.065
4810.0 1.251
4800.0 0.7156
4790.0 0.3784
4780.0 0.1846
4770.0 0.0824
4760.0 0.0351
4750.0 0.0137
4740.0 0.0046
4730.0 0.0031
4720.0 0.0015
4710.0 0.0015
4700.0 0.0031
4690.0 0.0015
4680.0 0.0015
4670.0 0.0015
4660.0 0.0
4650.0 0.0
4640.0 0.0
4630.0 0.0
4620.0 0.0
4610.0 0.0
4600.0 0.0
4590.0 0.0015
4580.0 0.0015
4570.0 0.0015
4560.0 0.0015
4550.0 0.0
4540.0 0.0015
4530.0 0.0015
4520.0 0.0015
4510.0 0.0015
4500.0 0.0
4490.0 0.0
4480.0 0.0
4470.0 0.0
4460.0 0.0
4450.0 0.0
4440.0 0.0015
4430.0 0.0015
4420.0 0.0
4410.0 0.0
4400.0 0.0
4390.0 0.0
4380.0 0.0
4370.0 0.0
4360.0 0.0
4350.0 0.0
4340.0 0.0
4330.0 0.0
4320.0 0.0015
4310.0 0.0015
4300.0 0.0
4290.0 0.0
4280.0 0.0
4270.0 0.0015
4260.0 0.0031
4250.0 0.0015
4240.0 0.0
4230.0 0.0
4220.0 0.0
4210.0 0.0
4200.0 0.0015
4190.0 0.0015
4180.0 0.0
4170.0 0.0
4160.0 0.0
4150.0 0.0
4140.0 0.0
4130.0 0.0
4120.0 0.0
4110.0 0.0
4100.0 0.0
4090.0 0.0
4080.0 0.0
4070.0 0.0
4060.0 0.0
4050.0 0.0015
4040.0 0.0031
4030.0 0.0031
4020.0 0.0015
4010.0 0.0
4000.0 0.0015
3990.0 0.0015
3980.0 0.0
3970.0 0.0
3960.0 0.0015
3950.0 0.0015
3940.0 0.0
3930.0 0.0
3920.0 0.0015
3910.0 0.0015
3900.0 0.0015
3890.0 0.0015
3880.0 0.0
3870.0 0.0
3860.0 0.0
3850.0 0.0
3840.0 0.0
3830.0 0.0
3820.0 0.0
3810.0 0.0
3800.0 0.0
3790.0 0.0
3780.0 0.0
3770.0 0.0
3760.0 0.0
3750.0 0.0
3740.0 0.0
3730.0 0.0
3720.0 0.0
3710.0 0.0
3700.0 0.0
3690.0 0.0
3680.0 0.0
3670.0 0.0
3660.0 0.0
3650.0 0.0
3640.0 0.0
3630.0 0.0
3620.0 0.0
3610.0 0.0
3600.0 0.0
3590.0 -0.0015
3580.0 -0.0031
3570.0 -0.0015
3560.0 -0.0015
3550.0 -0.0031
3540.0 -0.0031
3530.0 -0.0015
3520.0 -0.0015
3510.0 -0.0015
3500.0 -0.0015
3490.0 -0.0015
3480.0 -0.0015
3470.0 -0.0031
3460.0 -0.0015
3450.0 -0.0015
3440.0 -0.0015
3430.0 0.0
3420.0 0.0
3410.0 0.0
3400.0 -0.0015
3390.0 -0.0015
3380.0 0.0
3370.0 0.0
3360.0 -0.0015
3350.0 -0.0015
3340.0 -0.0015
3330.0 -0.0031
3320.0 -0.0031
3310.0 -0.0015
3300.0 -0.0015
3290.0 -0.0015
3280.0 -0.0015
3270.0 -0.0031
3260.0 -0.0031
3250.0 -0.0031
3240.0 -0.0015
3230.0 0.0
3220.0 -0.0015
3210.0 -0.0031
3200.0 -0.0031
3190.0 -0.0015
3180.0 -0.0015
3170.0 -0.0031
3160.0 -0.0015
3150.0 -0.0015
3140.0 -0.0031
3130.0 -0.0031
3120.0 -0.0031
3110.0 -0.0031
3100.0 -0.0015
3090.0 -0.0015
3080.0 -0.0031
3070.0 -0.0015
3060.0 -0.0015
3050.0 -0.0015
3040.0 -0.0015
3030.0 -0.0015
3020.0 -0.0015
3010.0 -0.0015
3000.0 -0.0015
2990.0 -0.0015
2980.0 0.0
2970.0 -0.0015
2960.0 -0.0015
2950.0 0.0
2940.0 -0.0015
2930.0 -0.0015
2920.0 0.0
2910.0 0.0
2900.0 0.0
2890.0 -0.0015
2880.0 -0.0015
2870.0 -0.0015
2860.0 -0.0031
2850.0 -0.0015
2840.0 0.0
2830.0 0.0
2820.0 -0.0015
2810.0 -0.0015
2800.0 -0.0015
2790.0 -0.0015
2780.0 0.0
2770.0 0.0
2760.0 0.0
2750.0 -0.0015
2740.0 -0.0031
2730.0 -0.0015
2720.0 -0.0015
2710.0 -0.0015
2700.0 0.0
2690.0 0.0
2680.0 -0.0015
2670.0 -0.0031
2660.0 -0.0031
2650.0 -0.0015
2640.0 -0.0015
2630.0 -0.0031
2620.0 -0.0031
2610.0 -0.0031
2600.0 -0.0015
2590.0 0.0
2580.0 -0.0015
2570.0 -0.0031
2560.0 -0.0015
2550.0 -0.0015
2540.0 -0.0031
2530.0 -0.0015
2520.0 0.0
2510.0 -0.0015
2500.0 -0.0015
