10000.0 -0.0137
9990.0 -0.0137
9980.0 -0.0275
9970.0 -0.0137
9960.0 -0.0137
9950.0 -0.0137
9940.0 0.0
9930.0 0.0
9920.0 0.0
9910.0 0.0
9900.0 -0.0153
9890.0 -0.029
9880.0 -0.0153
9870.0 0.0
9860.0 0.0
9850.0 -0.0153
9840.0 -0.0153
9830.0 0.0
9820.0 0.0
9810.0 0.0
9800.0 0.0
9790.0 -0.0153
9780.0 -0.0305
9770.0 -0.0305
9760.0 -0.0153
9750.0 0.0
9740.0 0.0
9730.0 -0.0153
9720.0 -0.0153
9710.0 0.0
9700.0 -0.0168
9690.0 -0.032
9680.0 -0.0168
9670.0 -0.0168
9660.0 -0.0336
9650.0 -0.0168
9640.0 0.0
9630.0 -0.0168
9620.0 -0.0336
9610.0 -0.0168
9600.0 -0.0183
9590.0 -0.0183
9580.0 0.0
9570.0 -0.0183
9560.0 -0.0183
9550.0 -0.0183
9540.0 -0.0366
9530.0 -0.0366
9520.0 -0.0183
9510.0 0.0
9500.0 0.0
9490.0 -0.0198
9480.0 -0.0198
9470.0 -0.0198
9460.0 -0.0198
9450.0 0.0
9440.0 -0.0198
9430.0 -0.0198
9420.0 0.0
9410.0 0.0
9400.0 0.0
9390.0 0.0
9380.0 -0.0214
9370.0 -0.0214
9360.0 0.0
9350.0 0.0
9340.0 0.0
9330.0 0.0
9320.0 0.0
9310.0 -0.0229
9300.0 -0.0397
9290.0 -0.029
9280.0 -0.0305
9270.0 -0.0244
9260.0 -0.0183
9250.0 -0.0244
9240.0 -0.0244
9230.0 -0.0244
9220.0 -0.032
9210.0 -0.0397
9200.0 -0.0336
9190.0 -0.0259
9180.0 -0.0259
9170.0 -0.0336
9160.0 -0.0427
9150.0 -0.0351
9140.0 -0.0351
9130.0 -0.0443
9120.0 -0.0443
9110.0 -0.0366
9100.0 -0.029
9090.0 -0.0381
9080.0 -0.0473
9070.0 -0.0397
9060.0 -0.032
9050.0 -0.032
9040.0 -0.032
9030.0 -0.0412
9020.0 -0.0427
9010.0 -0.0427
9000.0 -0.0351
8990.0 -0.0259
8980.0 -0.0259
8970.0 -0.0275
8960.0 -0.0458
8950.0 -0.0549
8940.0 -0.0656
8930.0 -0.058
8920.0 -0.0397
8910.0 -0.0397
8900.0 -0.029
8890.0 -0.0504
8880.0 -0.0626
8870.0 -0.0427
8860.0 -0.0427
8850.0 -0.032
8840.0 -0.032
8830.0 -0.0229
8820.0 -0.0351
8810.0 -0.058
8800.0 -0.0473
8790.0 -0.0351
8780.0 -0.0229
8770.0 -0.0488
8760.0 -0.0748
8750.0 -0.0626
8740.0 -0.0763
8730.0 -0.0763
8720.0 -0.0656
8710.0 -0.0809
8700.0 -0.0671
8690.0 -0.0412
8680.0 -0.0702
8670.0 -0.0854
8660.0 -0.0565
8650.0 -0.0732
8640.0 -0.1038
8630.0 -0.0748
8620.0 -0.061
8610.0 -0.1083
8600.0 -0.1099
8590.0 -0.0961
8580.0 -0.0961
8570.0 -0.0977
8560.0 -0.0809
8550.0 -0.0824
8540.0 -0.0839
8530.0 -0.0336
8520.0 -0.0168
8510.0 -0.0519
8500.0 -0.087
8490.0 -0.0702
8480.0 -0.0351
8470.0 -0.0534
8460.0 -0.0916
8450.0 -0.0916
8440.0 -0.0748
8430.0 -0.0565
8420.0 -0.0763
8410.0 -0.0763
8400.0 -0.058
8390.0 -0.058
8380.0 -0.058
8370.0 -0.0793
8360.0 -0.1205
8350.0 -0.1221
8340.0 -0.0809
8330.0 -0.0809
8320.0 -0.0824
8310.0 -0.0824
8300.0 -0.0427
8290.0 -0.0031
8280.0 -0.0031
8270.0 -0.0031
8260.0 -0.0031
8250.0 -0.0031
8240.0 -0.0031
8230.0 -0.0031
8220.0 -0.0031
8210.0 -0.0031
8200.0 -0.0031
8190.0 -0.0031
8180.0 -0.0015
8170.0 -0.0015
8160.0 -0.0031
8150.0 -0.0031
8140.0 -0.0031
8130.0 -0.0031
8120.0 -0.0031
8110.0 -0.0031
8100.0 -0.0031
8090.0 -0.0031
8080.0 -0.0015
8070.0 -0.0015
8060.0 -0.0061
8050.0 -0.0061
8040.0 -0.0031
8030.0 -0.0031
8020.0 -0.0031
8010.0 -0.0031
8000.0 -0.0031
7990.0 -0.0031
7980.0 -0.0031
7970.0 -0.0031
7960.0 -0.0031
7950.0 -0.0031
7940.0 -0.0031
7930.0 -0.0031
7920.0 -0.0031
7910.0 -0.0031
7900.0 -0.0031
7890.0 -0.0031
7880.0 -0.0031
7870.0 -0.0031
7860.0 -0.0031
7850.0 -0.0031
7840.0 -0.0031
7830.0 -0.0031
7820.0 -0.0031
7810.0 -0.0031
7800.0 -0.0031
7790.0 -0.0031
7780.0 -0.0031
7770.0 -0.0031
7760.0 -0.0031
7750.0 -0.0031
7740.0 -0.0031
7730.0 -0.0031
7720.0 -0.0031
7710.0 -0.0031
7700.0 -0.0031
7690.0 -0.0031
7680.0 -0.0031
7670.0 -0.0031
7660.0 -0.0031
7650.0 -0.0031
7640.0 -0.0031
7630.0 -0.0031
7620.0 -0.0031
7610.0 -0.0031
7600.0 -0.0031
7590.0 -0.0031
7580.0 -0.0031
7570.0 -0.0031
7560.0 -0.0031
7550.0 -0.0031
7540.0 -0.0031
7530.0 -0.0031
7520.0 -0.0031
7510.0 -0.0031
7500.0 -0.0031
7490.0 -0.0031
7480.0 -0.0031
7470.0 -0.0031
7460.0 -0.0031
7450.0 -0.0031
7440.0 -0.0031
7430.0 -0.0031
7420.0 -0.0031
7410.0 -0.0031
7400.0 -0.0031
7390.0 -0.0031
7380.0 -0.0031
7370.0 -0.0031
7360.0 -0.0031
7350.0 -0.0031
7340.0 -0.0031
7330.0 -0.0031
7320.0 -0.0031
7310.0 -0.0031
7300.0 -0.0031
7290.0 -0.0031
7280.0 -0.0031
7270.0 -0.0031
7260.0 -0.0031
7250.0 -0.0031
7240.0 -0.0031
7230.0 -0.0031
7220.0 -0.0031
7210.0 -0.0031
7200.0 -0.0031
7190.0 -0.0031
7180.0 -0.0031
7170.0 -0.0031
7160.0 -0.0015
7150.0 -0.0015
7140.0 -0.0031
7130.0 -0.0031
7120.0 -0.0031
7110.0 -0.0031
7100.0 -0.0031
7090.0 -0.0031
7080.0 -0.0031
7070.0 -0.0031
7060.0 -0.0031
7050.0 -0.0031
7040.0 -0.0031
7030.0 -0.0031
7020.0 -0.0031
7010.0 -0.0015
7000.0 0.0
6990.0 -0.0015
6980.0 -0.0015
6970.0 -0.0015
6960.0 -0.0031
6950.0 -0.0031
6940.0 -0.0031
6930.0 -0.0031
6920.0 -0.0031
6910.0 -0.0031
6900.0 -0.0031
6890.0 -0.0031
6880.0 -0.0031
6870.0 -0.0031
6860.0 -0.0031
6850.0 -0.0031
6840.0 -0.0031
6830.0 -0.0031
6820.0 -0.0031
6810.0 -0.0031
6800.0 -0.0031
6790.0 -0.0031
6780.0 -0.0031
6770.0 -0.0031
6760.0 -0.0015
6750.0 -0.0015
6740.0 -0.0031
6730.0 -0.0031
6720.0 -0.0031
6710.0 -0.0031
6700.0 -0.0031
6690.0 -0.0031
6680.0 -0.0031
6670.0 -0.0031
6660.0 -0.0031
6650.0 -0.0031
6640.0 -0.0031
6630.0 -0.0015
6620.0 -0.0015
6610.0 -0.0015
6600.0 -0.0015
6590.0 -0.0015
6580.0 -0.0015
6570.0 -0.0031
6560.0 -0.0031
6550.0 -0.0031
6540.0 -0.0015
6530.0 -0.0015
6520.0 -0.0031
6510.0 -0.0031
6500.0 -0.0031
6490.0 -0.0031
6480.0 -0.0031
6470.0 -0.0031
6460.0 -0.0031
6450.0 -0.0031
6440.0 -0.0031
6430.0 -0.0031
6420.0 -0.0031
6410.0 -0.0031
6400.0 -0.0031
6390.0 -0.0031
6380.0 -0.0031
6370.0 -0.0031
6360.0 -0.0031
6350.0 -0.0031
6340.0 -0.0015
6330.0 -0.0015
6320.0 -0.0031
6310.0 -0.0031
6300.0 -0.0031
6290.0 -0.0015
6280.0 0.0
6270.0 -0.0015
6260.0 -0.0031
6250.0 -0.0031
6240.0 -0.0031
6230.0 -0.0031
6220.0 -0.0031
6210.0 -0.0031
6200.0 -0.0031
6190.0 -0.0031
6180.0 -0.0031
6170.0 -0.0015
6160.0 -0.0015
6150.0 -0.0015
6140.0 -0.0015
6130.0 -0.0031
6120.0 -0.0031
6110.0 -0.0031
6100.0 -0.0015
6090.0 0.0
6080.0 -0.0015
6070.0 -0.0031
6060.0 -0.0015
6050.0 -0.0015
6040.0 -0.0015
6030.0 -0.0015
6020.0 -0.0015
6010.0 0.0
6000.0 0.0
5990.0 0.0015
5980.0 0.0031
5970.0 0.0031
5960.0 0.0031
5950.0 0.0031
5940.0 0.0015
5930.0 0.0
5920.0 0.0
5910.0 0.0
5900.0 0.0
5890.0 0.0
5880.0 0.0
5870.0 0.0
5860.0 0.0
5850.0 0.0
5840.0 0.0
5830.0 0.0
5820.0 0.0
5810.0 0.0
5800.0 0.0015
5790.0 0.0015
5780.0 0.0
5770.0 0.0015
5760.0 0.0031
5750.0 0.0031
5740.0 0.0031
5730.0 0.0031
5720.0 0.0031
5710.0 0.0031
5700.0 0.0031
5690.0 0.0031
5680.0 0.0031
5670.0 0.0031
5660.0 0.0031
5650.0 0.0031
5640.0 0.0031
5630.0 0.0031
5620.0 0.0015
5610.0 0.0
5600.0 0.0
5590.0 0.0015
5580.0 0.0031
5570.0 0.0031
5560.0 0.0031
5550.0 0.0061
5540.0 0.0092
5530.0 0.0092
5520.0 0.0092
5510.0 0.0107
5500.0 0.0137
5490.0 0.0137
5480.0 0.0168
5470.0 0.0198
5460.0 0.0198
5450.0 0.0198
5440.0 0.0214
5430.0 0.0214
5420.0 0.0214
5410.0 0.0244
5400.0 0.0244
5390.0 0.0244
5380.0 0.0244
5370.0 0.0244
5360.0 0.0259
5350.0 0.029
5340.0 0.0305
5330.0 0.0366
5320.0 0.0412
5310.0 0.0473
5300.0 0.0549
5290.0 0.0641
5280.0 0.0748
5270.0 0.087
5260.0 0.1022
5250.0 0.1205
5240.0 0.1404
5230.0 0.1633
5220.0 0.1877
5210.0 0.2167
5200.0 0.2426
5190.0 0.2686
5180.0 0.3006
5170.0 0.3342
5160.0 0.3693
5150.0 0.4135
5140.0 0.47
5130.0 0.5402
5120.0 0.6256
5110.0 0.737
5100.0 0.8789
5090.0 1.068
5080.0 1.321
5070.0 1.6569999999999998
5060.0 2.112
5050.0 2.734
5040.0 3.572
5030.0 4.71
5020.0 6.247999999999999
5010.0 8.261000000000001
5000.0 10.89
4990.0 14.29
4980.0 18.53
4970.0 23.74
4960.0 30.05
4950.0 37.31
4940.0 45.29
4930.0 53.66
4920.0 61.7
4910.0 68.66
4900.0 74.17
4890.0 78.02
4880.0 80.39
4870.0 81.75
4860.0 82.53
4850.0 83.07
4840.0 83.5
4830.0 83.87
4820.0 84.14
4810.0 84.26
4800.0 84.15
4790.0 83.84
4780.0 83.41
4770.0 82.89
4760.0 82.36
4750.0 81.91
4740.0 81.56
4730.0 81.26
4720.0 81.0
4710.0 80.73
4700.0 80.43
4690.0 80.12
4680.0 79.83
4670.0 79.61
4660.0 79.54
4650.0 79.68
4640.0 80.0
4630.0 80.48
4620.0 81.09
4610.0 81.7
4600.0 82.26
4590.0 82.69
4580.0 82.89
4570.0 82.9
4560.0 82.78
4550.0 82.5
4540.0 82.14
4530.0 81.79
4520.0 81.42
4510.0 81.05
4500.0 80.74
4490.0 80.46
4480.0 80.25
4470.0 80.12
4460.0 80.06
4450.0 80.1
4440.0 80.25
4430.0 80.48
4420.0 80.65
4410.0 80.76
4400.0 80.77
4390.0 80.58
4380.0 80.25
4370.0 79.85
4360.0 79.35
4350.0 78.86
4340.0 78.49
4330.0 78.16
4320.0 77.8
4310.0 77.42
4300.0 76.93
4290.0 76.35
4280.0 75.74
4270.0 75.1
4260.0 74.6
4250.0 74.31
4240.0 74.23
4230.0 74.42
4220.0 74.76
4210.0 75.13
4200.0 75.44
4190.0 75.54
4180.0 75.36
4170.0 74.97
4160.0 74.42
4150.0 73.77
4140.0 73.1
4130.0 72.43
4120.0 71.72
4110.0 71.0
4100.0 70.2
4090.0 69.32
4080.0 68.46
4070.0 67.66
4060.0 66.96
4050.0 66.42
4040.0 66.0
4030.0 65.56
4020.0 65.08
4010.0 64.47
4000.0 63.65
3990.0 62.7
3980.0 61.67
3970.0 60.54
3960.0 59.37
3950.0 58.2
3940.0 56.91
3930.0 55.5
3920.0 53.99
3910.0 52.35
3900.0 50.6
3890.0 48.76
3880.0 46.73
3870.0 44.52
3860.0 42.23
3850.0 39.86
3840.0 37.53
3830.0 35.4
3820.0 33.43
3810.0 31.5
3800.0 29.53
3790.0 27.38
3780.0 25.04
3770.0 22.59
3760.0 20.02
3750.0 17.33
3740.0 14.65
3730.0 12.09
3720.0 9.799
3710.0 7.904
3700.0 6.382999999999999
3690.0 5.11
3680.0 4.012
3670.0 3.04
3660.0 2.18
3650.0 1.472
3640.0 0.9354
3630.0 0.5539
3620.0 0.3067
3610.0 0.1602
3600.0 0.0763
3590.0 0.0336
3580.0 0.0107
3570.0 0.0015
3560.0 -0.0015
3550.0 -0.0031
3540.0 -0.0031
3530.0 -0.0031
3520.0 -0.0061
3510.0 -0.0061
3500.0 -0.0031
3490.0 -0.0031
3480.0 -0.0031
3470.0 -0.0031
3460.0 -0.0031
3450.0 -0.0031
3440.0 -0.0031
3430.0 -0.0031
3420.0 -0.0031
3410.0 -0.0031
3400.0 -0.0015
3390.0 -0.0015
3380.0 -0.0061
3370.0 -0.0061
3360.0 -0.0031
3350.0 -0.0061
3340.0 -0.0061
3330.0 -0.0031
3320.0 -0.0031
3310.0 -0.0031
3300.0 -0.0031
3290.0 -0.0031
3280.0 -0.0031
3270.0 -0.0031
3260.0 -0.0031
3250.0 -0.0031
3240.0 -0.0031
3230.0 -0.0031
3220.0 -0.0031
3210.0 -0.0031
3200.0 -0.0031
3190.0 -0.0031
3180.0 -0.0031
3170.0 -0.0031
3160.0 -0.0061
3150.0 -0.0061
3140.0 -0.0015
3130.0 -0.0015
3120.0 -0.0031
3110.0 -0.0031
3100.0 -0.0031
3090.0 -0.0031
3080.0 -0.0031
3070.0 -0.0031
3060.0 -0.0031
3050.0 -0.0031
3040.0 -0.0031
3030.0 -0.0031
3020.0 -0.0031
3010.0 -0.0031
3000.0 -0.0031
2990.0 -0.0031
2980.0 -0.0031
2970.0 -0.0031
2960.0 -0.0031
2950.0 -0.0031
2940.0 -0.0031
2930.0 -0.0031
2920.0 -0.0031
2910.0 -0.0031
2900.0 -0.0031
2890.0 -0.0031
2880.0 -0.0031
2870.0 -0.0031
2860.0 -0.0031
2850.0 -0.0031
2840.0 -0.0031
2830.0 -0.0061
2820.0 -0.0061
2810.0 -0.0031
2800.0 -0.0031
2790.0 -0.0031
2780.0 -0.0031
2770.0 -0.0031
2760.0 -0.0031
2750.0 -0.0031
2740.0 -0.0031
2730.0 -0.0031
2720.0 -0.0031
2710.0 -0.0031
2700.0 -0.0031
2690.0 -0.0031
2680.0 -0.0031
2670.0 -0.0031
2660.0 -0.0031
2650.0 -0.0031
2640.0 -0.0031
2630.0 -0.0031
2620.0 -0.0031
2610.0 -0.0031
2600.0 -0.0031
2590.0 -0.0031
2580.0 -0.0031
2570.0 -0.0031
2560.0 -0.0031
2550.0 -0.0031
2540.0 -0.0031
2530.0 -0.0031
2520.0 -0.0031
2510.0 -0.0031
2500.0 -0.0046
