10000.0 0.4059
9990.0 0.4074
9980.0 0.4227
9970.0 0.4257
9960.0 0.4288
9950.0 0.4318
9940.0 0.4333
9930.0 0.4242
9920.0 0.415
9910.0 0.4166
9900.0 0.4196
9890.0 0.4211
9880.0 0.4089
9870.0 0.4105
9860.0 0.412
9850.0 0.3998
9840.0 0.415
9830.0 0.4288
9820.0 0.4166
9810.0 0.4028
9800.0 0.4044
9790.0 0.4059
9780.0 0.4074
9770.0 0.4227
9760.0 0.4379
9750.0 0.4395
9740.0 0.4272
9730.0 0.4166
9720.0 0.4196
9710.0 0.4227
9700.0 0.4105
9690.0 0.3998
9680.0 0.4013
9670.0 0.4044
9660.0 0.4074
9650.0 0.4105
9640.0 0.3998
9630.0 0.3876
9620.0 0.4044
9610.0 0.4227
9600.0 0.412
9590.0 0.3998
9580.0 0.4028
9570.0 0.4059
9560.0 0.4089
9550.0 0.3967
9540.0 0.3845
9530.0 0.4028
9520.0 0.4211
9510.0 0.4074
9500.0 0.3784
9490.0 0.3815
9480.0 0.4013
9470.0 0.4044
9460.0 0.3906
9450.0 0.3769
9440.0 0.3799
9430.0 0.4013
9420.0 0.4044
9410.0 0.3891
9400.0 0.3922
9390.0 0.3952
9380.0 0.3998
9370.0 0.3845
9360.0 0.3693
9350.0 0.3738
9340.0 0.3769
9330.0 0.3799
9320.0 0.3845
9310.0 0.3876
9300.0 0.3708
9290.0 0.3738
9280.0 0.3967
9270.0 0.3815
9260.0 0.3662
9250.0 0.3693
9240.0 0.3723
9230.0 0.3769
9220.0 0.3815
9210.0 0.386
9200.0 0.3906
9190.0 0.3738
9180.0 0.3784
9170.0 0.383
9160.0 0.3647
9150.0 0.3677
9140.0 0.3632
9130.0 0.3479
9120.0 0.3448
9110.0 0.3494
9100.0 0.3418
9090.0 0.3525
9080.0 0.3571
9070.0 0.3632
9060.0 0.3601
9050.0 0.351
9040.0 0.3647
9030.0 0.3693
9020.0 0.351
9010.0 0.3418
9000.0 0.3555
8990.0 0.3387
8980.0 0.3372
8970.0 0.3494
8960.0 0.3525
8950.0 0.3494
8940.0 0.3235
8930.0 0.3281
8920.0 0.3326
8910.0 0.3296
8900.0 0.3433
8890.0 0.322
8880.0 0.3082
8870.0 0.3036
8860.0 0.2899
8850.0 0.3036
8840.0 0.3281
8830.0 0.3235
8820.0 0.2991
8810.0 0.293
8800.0 0.3082
8790.0 0.3235
8780.0 0.3067
8770.0 0.2899
8760.0 0.3159
8750.0 0.3433
8740.0 0.3265
8730.0 0.3204
8720.0 0.3357
8710.0 0.3418
8700.0 0.3464
8690.0 0.3281
8680.0 0.2853
8670.0 0.2777
8660.0 0.3067
8650.0 0.3357
8640.0 0.3403
8630.0 0.3326
8620.0 0.3113
8610.0 0.3418
8600.0 0.3326
8590.0 0.2838
8580.0 0.3143
8570.0 0.3036
8560.0 0.2792
8550.0 0.2975
8540.0 0.3433
8530.0 0.3311
8520.0 0.3204
8510.0 0.3403
8500.0 0.3143
8490.0 0.3021
8480.0 0.3052
8470.0 0.3082
8460.0 0.3281
8450.0 0.3159
8440.0 0.3189
8430.0 0.3693
8420.0 0.3571
8410.0 0.2945
8400.0 0.2991
8390.0 0.3525
8380.0 0.354
8370.0 0.2884
8360.0 0.2747
8350.0 0.3113
8340.0 0.3128
8330.0 0.3159
8320.0 0.3174
8310.0 0.3021
8300.0 0.1434
8290.0 0.0046
8280.0 0.0076
8270.0 0.0076
8260.0 0.0076
8250.0 0.0046
8240.0 0.0046
8230.0 0.0076
8220.0 0.0076
8210.0 0.0076
8200.0 0.0076
8190.0 0.0076
8180.0 0.0076
8170.0 0.0076
8160.0 0.0076
8150.0 0.0092
8140.0 0.0122
8130.0 0.0107
8120.0 0.0137
8110.0 0.0153
8100.0 0.0122
8090.0 0.0122
8080.0 0.0153
8070.0 0.0153
8060.0 0.0153
8050.0 0.0198
8040.0 0.0198
8030.0 0.0198
8020.0 0.0198
8010.0 0.0198
8000.0 0.0214
7990.0 0.0244
7980.0 0.0244
7970.0 0.0214
7960.0 0.0214
7950.0 0.0244
7940.0 0.0244
7930.0 0.0244
7920.0 0.0275
7910.0 0.0275
7900.0 0.029
7890.0 0.0305
7880.0 0.0305
7870.0 0.0305
7860.0 0.0305
7850.0 0.0336
7840.0 0.0366
7830.0 0.0366
7820.0 0.0381
7810.0 0.0397
7800.0 0.0397
7790.0 0.0427
7780.0 0.0504
7770.0 0.0549
7760.0 0.0549
7750.0 0.0595
7740.0 0.0656
7730.0 0.0702
7720.0 0.0748
7710.0 0.0824
7700.0 0.0885
7690.0 0.0931
7680.0 0.1038
7670.0 0.116
7660.0 0.1251
7650.0 0.1373
7640.0 0.148
7630.0 0.1556
7620.0 0.1663
7610.0 0.1831
7600.0 0.2014
7590.0 0.2213
7580.0 0.238
7570.0 0.2563
7560.0 0.2823
7550.0 0.3098
7540.0 0.3387
7530.0 0.3738
7520.0 0.415
7510.0 0.4608
7500.0 0.5112
7490.0 0.5692
7480.0 0.6363
7470.0 0.7156
7460.0 0.8041
7450.0 0.9033
7440.0 1.021
7430.0 1.158
7420.0 1.317
7410.0 1.494
7400.0 1.695
7390.0 1.923
7380.0 2.187
7370.0 2.4930000000000003
7360.0 2.84
7350.0 3.233
7340.0 3.694
7330.0 4.225
7320.0 4.831
7310.0 5.54
7300.0 6.386
7290.0 7.365
7280.0 8.507
7270.0 9.839
7260.0 11.39
7250.0 13.2
7240.0 15.34
7230.0 17.82
7220.0 20.66
7210.0 23.83
7200.0 27.37
7190.0 31.32
7180.0 35.66
7170.0 40.33
7160.0 45.23
7150.0 50.21
7140.0 55.21
7130.0 60.21
7120.0 65.07
7110.0 69.66
7100.0 73.91
7090.0 77.72
7080.0 81.05
7070.0 83.94
7060.0 86.34
7050.0 88.34
7040.0 89.93
7030.0 91.14
7020.0 92.09
7010.0 92.73
7000.0 93.12
6990.0 93.34
6980.0 93.41
6970.0 93.4
6960.0 93.35
6950.0 93.32
6940.0 93.28
6930.0 93.18
6920.0 93.12
6910.0 93.09
6900.0 93.13
6890.0 93.23
6880.0 93.38
6870.0 93.56
6860.0 93.7
6850.0 93.83
6840.0 93.99
6830.0 94.19
6820.0 94.4
6810.0 94.56
6800.0 94.66
6790.0 94.74
6780.0 94.82
6770.0 94.91
6760.0 95.03
6750.0 95.15
6740.0 95.22
6730.0 95.26
6720.0 95.32
6710.0 95.38
6700.0 95.48
6690.0 95.52
6680.0 95.49
6670.0 95.45
6660.0 95.43
6650.0 95.42
6640.0 95.42
6630.0 95.42
6620.0 95.36
6610.0 95.31
6600.0 95.31
6590.0 95.3
6580.0 95.3
6570.0 95.26
6560.0 95.16
6550.0 94.98
6540.0 94.78
6530.0 94.59
6520.0 94.37
6510.0 94.08
6500.0 93.75
6490.0 93.48
6480.0 93.26
6470.0 93.14
6460.0 93.16
6450.0 93.26
6440.0 93.41
6430.0 93.62
6420.0 93.89
6410.0 94.22
6400.0 94.47
6390.0 94.62
6380.0 94.65
6370.0 94.54
6360.0 94.29
6350.0 93.94
6340.0 93.53
6330.0 93.07
6320.0 92.6
6310.0 92.2
6300.0 91.92
6290.0 91.75
6280.0 91.59
6270.0 91.46
6260.0 91.35
6250.0 91.29
6240.0 91.26
6230.0 91.09
6220.0 90.7
6210.0 90.12
6200.0 89.43
6190.0 88.63
6180.0 87.75
6170.0 86.87
6160.0 86.03
6150.0 85.33
6140.0 84.74
6130.0 84.27
6120.0 83.82
6110.0 83.37
6100.0 82.9
6090.0 82.26
6080.0 81.33
6070.0 80.07
6060.0 78.47
6050.0 76.51
6040.0 74.18
6030.0 71.45
6020.0 68.37
6010.0 64.95
6000.0 61.23
5990.0 57.16
5980.0 52.66
5970.0 47.73
5960.0 42.48
5950.0 37.07
5940.0 31.68
5930.0 26.32
5920.0 21.13
5910.0 16.38
5900.0 12.19
5890.0 8.687000000000001
5880.0 5.922999999999999
5870.0 3.853
5860.0 2.35
5850.0 1.3319999999999999
5840.0 0.6989
5830.0 0.3433
5820.0 0.1587
5810.0 0.0687
5800.0 0.0244
5790.0 0.0061
5780.0 0.0015
5770.0 -0.0015
5760.0 -0.0015
5750.0 -0.0015
5740.0 -0.0031
5730.0 -0.0031
5720.0 -0.0031
5710.0 -0.0015
5700.0 0.0
5690.0 -0.0015
5680.0 -0.0031
5670.0 -0.0031
5660.0 -0.0031
5650.0 -0.0015
5640.0 0.0
5630.0 0.0
5620.0 -0.0015
5610.0 -0.0031
5600.0 -0.0015
5590.0 0.0
5580.0 -0.0015
5570.0 -0.0031
5560.0 -0.0031
5550.0 -0.0031
5540.0 -0.0031
5530.0 -0.0031
5520.0 -0.0031
5510.0 -0.0031
5500.0 -0.0031
5490.0 -0.0031
5480.0 -0.0015
5470.0 -0.0015
5460.0 -0.0031
5450.0 -0.0031
5440.0 -0.0031
5430.0 -0.0031
5420.0 -0.0015
5410.0 -0.0046
5400.0 -0.0061
5390.0 -0.0031
5380.0 -0.0015
5370.0 -0.0015
5360.0 -0.0015
5350.0 -0.0015
5340.0 -0.0015
5330.0 -0.0015
5320.0 -0.0031
5310.0 -0.0031
5300.0 -0.0031
5290.0 -0.0031
5280.0 -0.0031
5270.0 -0.0031
5260.0 -0.0015
5250.0 0.0
5240.0 -0.0015
5230.0 -0.0031
5220.0 -0.0031
5210.0 -0.0031
5200.0 -0.0031
5190.0 -0.0031
5180.0 -0.0031
5170.0 -0.0031
5160.0 -0.0031
5150.0 -0.0015
5140.0 -0.0015
5130.0 -0.0031
5120.0 -0.0031
5110.0 -0.0031
5100.0 -0.0031
5090.0 -0.0031
5080.0 -0.0031
5070.0 -0.0031
5060.0 -0.0031
5050.0 -0.0015
5040.0 -0.0015
5030.0 -0.0031
5020.0 -0.0031
5010.0 -0.0031
5000.0 -0.0031
4990.0 -0.0031
4980.0 -0.0015
4970.0 -0.0015
4960.0 -0.0015
4950.0 -0.0015
4940.0 -0.0031
4930.0 -0.0031
4920.0 -0.0061
4910.0 -0.0061
4900.0 -0.0015
4890.0 -0.0046
4880.0 -0.0061
4870.0 -0.0031
4860.0 -0.0031
4850.0 -0.0031
4840.0 -0.0031
4830.0 -0.0031
4820.0 -0.0031
4810.0 -0.0031
4800.0 -0.0031
4790.0 -0.0031
4780.0 -0.0061
4770.0 -0.0046
4760.0 -0.0015
4750.0 -0.0031
4740.0 -0.0015
4730.0 -0.0015
4720.0 -0.0031
4710.0 -0.0015
4700.0 -0.0015
4690.0 -0.0031
4680.0 -0.0031
4670.0 -0.0031
4660.0 -0.0031
4650.0 -0.0031
4640.0 -0.0031
4630.0 -0.0031
4620.0 -0.0031
4610.0 -0.0015
4600.0 -0.0015
4590.0 -0.0015
4580.0 -0.0015
4570.0 -0.0031
4560.0 -0.0015
4550.0 -0.0015
4540.0 -0.0015
4530.0 -0.0015
4520.0 -0.0015
4510.0 -0.0015
4500.0 -0.0031
4490.0 -0.0061
4480.0 -0.0046
4470.0 -0.0015
4460.0 -0.0031
4450.0 -0.0031
4440.0 -0.0015
4430.0 0.0
4420.0 0.0
4410.0 0.0
4400.0 0.0
4390.0 -0.0015
4380.0 -0.0031
4370.0 -0.0015
4360.0 -0.0046
4350.0 -0.0061
4340.0 -0.0031
4330.0 -0.0031
4320.0 -0.0031
4310.0 -0.0031
4300.0 -0.0031
4290.0 -0.0031
4280.0 -0.0031
4270.0 -0.0015
4260.0 -0.0015
4250.0 -0.0015
4240.0 -0.0015
4230.0 -0.0031
4220.0 -0.0031
4210.0 -0.0061
4200.0 -0.0046
4190.0 -0.0015
4180.0 -0.0015
4170.0 0.0
4160.0 -0.0015
4150.0 -0.0031
4140.0 -0.0031
4130.0 -0.0031
4120.0 -0.0015
4110.0 -0.0015
4100.0 -0.0031
4090.0 -0.0031
4080.0 -0.0031
4070.0 -0.0015
4060.0 -0.0015
4050.0 -0.0031
4040.0 -0.0015
4030.0 0.0
4020.0 0.0
4010.0 0.0
4000.0 0.0
3990.0 0.0
3980.0 -0.0015
3970.0 0.0
3960.0 0.0015
3950.0 0.0
3940.0 -0.0015
3930.0 -0.0015
3920.0 -0.0015
3910.0 0.0
3900.0 0.0015
3890.0 0.0
3880.0 0.0
3870.0 0.0015
3860.0 0.0
3850.0 -0.0015
3840.0 0.0
3830.0 0.0
3820.0 0.0
3810.0 0.0
3800.0 -0.0015
3790.0 -0.0015
3780.0 -0.0015
3770.0 -0.0031
3760.0 -0.0031
3750.0 -0.0031
3740.0 -0.0031
3730.0 -0.0015
3720.0 0.0
3710.0 0.0
3700.0 -0.0015
3690.0 -0.0031
3680.0 -0.0031
3670.0 -0.0031
3660.0 -0.0031
3650.0 -0.0031
3640.0 -0.0031
3630.0 -0.0031
3620.0 -0.0061
3610.0 -0.0046
3600.0 -0.0015
3590.0 -0.0061
3580.0 -0.0061
3570.0 -0.0031
3560.0 -0.0031
3550.0 -0.0031
3540.0 -0.0031
3530.0 -0.0031
3520.0 -0.0061
3510.0 -0.0092
3500.0 -0.0061
3490.0 -0.0015
3480.0 -0.0015
3470.0 -0.0031
3460.0 -0.0031
3450.0 -0.0031
3440.0 -0.0031
3430.0 -0.0061
3420.0 -0.0061
3410.0 -0.0031
3400.0 -0.0031
3390.0 -0.0031
3380.0 -0.0061
3370.0 -0.0061
3360.0 -0.0061
3350.0 -0.0061
3340.0 -0.0031
3330.0 -0.0031
3320.0 -0.0031
3310.0 -0.0061
3300.0 -0.0061
3290.0 -0.0031
3280.0 -0.0031
3270.0 -0.0015
3260.0 -0.0046
3250.0 -0.0061
3240.0 -0.0061
3230.0 -0.0061
3220.0 -0.0031
3210.0 -0.0031
3200.0 -0.0092
3190.0 -0.0092
3180.0 -0.0061
3170.0 -0.0061
3160.0 -0.0031
3150.0 -0.0031
3140.0 -0.0015
3130.0 -0.0015
3120.0 -0.0015
3110.0 -0.0046
3100.0 -0.0046
3090.0 -0.0015
3080.0 -0.0015
3070.0 -0.0015
3060.0 -0.0031
3050.0 -0.0015
3040.0 -0.0015
3030.0 -0.0031
3020.0 -0.0031
3010.0 -0.0031
3000.0 -0.0015
2990.0 -0.0046
2980.0 -0.0061
2970.0 -0.0015
2960.0 -0.0015
2950.0 -0.0031
2940.0 -0.0031
2930.0 -0.0031
2920.0 -0.0015
2910.0 -0.0015
2900.0 -0.0031
2890.0 -0.0031
2880.0 -0.0061
2870.0 -0.0092
2860.0 -0.0061
2850.0 -0.0031
2840.0 -0.0061
2830.0 -0.0061
2820.0 -0.0061
2810.0 -0.0092
2800.0 -0.0061
2790.0 -0.0015
2780.0 -0.0046
2770.0 -0.0061
2760.0 -0.0031
2750.0 -0.0031
2740.0 -0.0031
2730.0 -0.0031
2720.0 -0.0015
2710.0 -0.0015
2700.0 -0.0031
2690.0 -0.0137
2680.0 -0.0122
2670.0 -0.0015
2660.0 -0.0015
2650.0 -0.0015
2640.0 -0.0061
2630.0 -0.0046
2620.0 0.0
2610.0 -0.0046
2600.0 -0.0046
2590.0 -0.0015
2580.0 -0.0031
2570.0 -0.0031
2560.0 -0.0061
2550.0 -0.0061
2540.0 -0.0031
2530.0 -0.0031
2520.0 -0.0031
2510.0 -0.0061
2500.0 -0.0061
