10500.0 0.0
10510.0 0.0
10620.0 0.0
10660.0 0.0023
10700.0 0.0087
10750.0 0.015
10780.0 0.0309
10820.0 0.069
10840.0 0.1136
10870.0 0.1709
10890.0 0.2282
10930.0 0.2886
10960.0 0.3491
11020.0 0.4255
11050.0 0.4668
11070.0 0.5209
11090.0 0.5687
11120.000000000002 0.6228
11160.000000000002 0.6546
11170.0 0.6864
11200.000000000002 0.715
11230.0 0.7437
11279.999999999998 0.7595
11290.0 0.7595
11319.999999999998 0.7435
11339.999999999998 0.7276
11379.999999999998 0.6861
11399.999999999998 0.6575
11430.0 0.6224
11470.0 0.5873
11540.0 0.5649
11590.0 0.584
11640.0 0.6157
11670.0 0.6571
11700.0 0.6857
11730.0 0.7271
11750.0 0.7685
11790.0 0.8162
11820.0 0.8416
11860.0 0.8511
11880.0 0.8447
11920.0 0.8256
11950.0 0.7937
11990.0 0.7554
12020.0 0.7172
12090.0 0.6757
12160.0 0.6629
12210.0 0.6883
12270.0 0.7391
12310.000000000002 0.7869
12360.0 0.8505
12400.0 0.8823
12440.0 0.895
12470.000000000002 0.8854
12529.999999999998 0.8471
12549.999999999998 0.8184
12580.0 0.7802
12600.0 0.7324
12649.999999999998 0.6845
12700.0 0.6239
12750.0 0.5889
12790.0 0.5729
12860.0 0.5728
12920.0 0.5918
12970.0 0.6172
13020.0 0.6681
13050.0 0.6968
13070.0 0.7286
13100.0 0.7667
13130.0 0.7954
13160.0 0.8431
13190.0 0.8813
13230.0 0.9194
13260.0 0.9353
13300.0 0.9257
13330.0 0.9225
13340.0 0.9129
13360.0 0.8906
13390.0 0.8524
13430.0 0.8141
13460.0 0.7854
13490.0 0.7599
13530.0 0.7439
13550.0 0.7375
13600.000000000002 0.7247
13630.0 0.7183
13700.000000000002 0.7087
13730.0 0.7023
13770.0 0.7022
13830.0 0.7181
13879.999999999998 0.7339
13919.999999999998 0.7147
13950.0 0.6829
13959.999999999998 0.6446
13970.0 0.616
13980.0 0.5873
14000.0 0.5172
14010.0 0.4662
14020.0 0.377
14040.0 0.2305
14060.0 0.135
14070.0 0.1126
14100.0 0.0712
14120.0 0.0362
14160.0 0.017
14210.0 0.0042
14260.0 0.0009
14420.0 0.0007
14500.0 0.0
